  r(μm)     depth(nm)
-38.6958    1.84201343
-38.6736    2.02972533
-38.6514    2.18438465
-38.6292    2.17143725
-38.6070    2.13549064
-38.5848    2.04169265
-38.5625    2.12125591
-38.5403    2.11649919
-38.5181    2.04489616
-38.4959    1.98740768
-38.4737    2.07440109
-38.4515    2.02519037
-38.4292    1.92252396
-38.4070    1.79002919
-38.3848    1.45586008
-38.3626    1.37808204
-38.3404    1.29653401
-38.3182    1.31537570
-38.2959    1.48644261
-38.2737    1.58600638
-38.2515    1.47351778
-38.2293    1.58897730
-38.2071    1.59619674
-38.1848    1.19681457
-38.1626    1.22225140
-38.1404    1.21538326
-38.1182    1.12615689
-38.0960    1.06444878
-38.0738    1.45538057
-38.0515    1.46887677
-38.0293    1.89549399
-38.0071    2.09396504
-37.9849    2.18540100
-37.9627    2.15108346
-37.9405    2.35373198
-37.9182    2.03975896
-37.8960    2.02806215
-37.8738    2.05787810
-37.8516    1.92052369
-37.8294    1.99186614
-37.8072    2.14005323
-37.7849    1.97591148
-37.7627    2.00215115
-37.7405    2.31866823
-37.7183    2.18329726
-37.6961    1.95412238
-37.6739    1.89217864
-37.6516    1.81223701
-37.6294    1.61632495
-37.6072    1.65159576
-37.5850    1.82497335
-37.5628    1.66225816
-37.5405    2.06644199
-37.5183    1.95395347
-37.4961    1.78726752
-37.4739    1.70641952
-37.4517    1.55980757
-37.4295    1.17266944
-37.4072    0.94421020
-37.3850    0.78651030
-37.3628    0.88512029
-37.3406    0.91026784
-37.3184    1.15697753
-37.2962    1.08152614
-37.2739    0.74970744
-37.2517    0.85039761
-37.2295    0.60225671
-37.2073    0.28871529
-37.1851    0.24063238
-37.1629   -0.04904521
-37.1406   -0.18325750
-37.1184   -0.30271424
-37.0962   -0.60650879
-37.0740   -1.02823086
-37.0518   -1.22253176
-37.0295   -1.54300773
-37.0073   -1.90222464
-36.9851   -1.82254540
-36.9629   -2.13639408
-36.9407   -2.43766724
-36.9185   -2.39497729
-36.8962   -2.61796398
-36.8740   -3.15008585
-36.8518   -3.42368993
-36.8296   -3.87540891
-36.8074   -4.56604282
-36.7852   -4.86479018
-36.7629   -4.98657365
-36.7407   -5.16222986
-36.7185   -5.20732434
-36.6963   -4.94233816
-36.6741   -4.94981526
-36.6519   -4.84287622
-36.6296   -4.93787591
-36.6074   -5.21833150
-36.5852   -5.64496466
-36.5630   -5.99936542
-36.5408   -6.33248634
-36.5186   -6.75510530
-36.4963   -6.64814355
-36.4741   -6.42512375
-36.4519   -6.55433648
-36.4297   -6.14972101
-36.4075   -6.20246314
-36.3852   -6.32341869
-36.3630   -6.37800557
-36.3408   -6.51065953
-36.3186   -6.74357718
-36.2964   -6.79825135
-36.2742   -6.91131335
-36.2519   -7.14748773
-36.2297   -7.06468712
-36.2075   -6.52007720
-36.1853   -6.38565931
-36.1631   -6.19064428
-36.1409   -5.86055689
-36.1186   -5.98446480
-36.0964   -6.12236653
-36.0742   -6.13224657
-36.0520   -6.59597957
-36.0298   -6.46690132
-36.0076   -6.37260839
-35.9853   -6.40772072
-35.9631   -6.20216767
-35.9409   -5.98552640
-35.9187   -5.86702626
-35.8965   -5.66119837
-35.8743   -5.90879299
-35.8520   -6.16929155
-35.8298   -6.34045378
-35.8076   -6.60467990
-35.7854   -6.95654892
-35.7632   -7.20486509
-35.7409   -7.45620711
-35.7187   -7.43364620
-35.6965   -7.87351488
-35.6743   -8.15358866
-35.6521   -8.21125665
-35.6299   -8.79877108
-35.6076   -9.46777152
-35.5854   -9.56425276
-35.5632  -10.18074189
-35.5410  -10.75517173
-35.5188  -10.88470289
-35.4966  -11.27804748
-35.4743  -11.88496117
-35.4521  -12.01654001
-35.4299  -12.43653797
-35.4077  -13.12355270
-35.3855  -13.53033073
-35.3633  -14.24282262
-35.3410  -14.78601661
-35.3188  -15.29185135
-35.2966  -15.68093123
-35.2744  -16.37321618
-35.2522  -16.91126774
-35.2299  -17.56275983
-35.2077  -18.48462167
-35.1855  -19.28392012
-35.1633  -20.06499808
-35.1411  -20.91720507
-35.1189  -21.69313165
-35.0966  -22.50796650
-35.0744  -23.22148298
-35.0522  -23.92147452
-35.0300  -25.03910253
-35.0078  -25.93791400
-34.9856  -26.79504170
-34.9633  -27.68432809
-34.9411  -28.68347768
-34.9189  -29.40048754
-34.8967  -30.67228418
-34.8745  -31.73486055
-34.8523  -32.60751707
-34.8300  -33.61916534
-34.8078  -34.60343156
-34.7856  -35.76500802
-34.7634  -36.95899628
-34.7412  -38.44653369
-34.7190  -40.16317073
-34.6967  -41.79056247
-34.6745  -43.60625488
-34.6523  -46.03884090
-34.6301  -48.46124241
-34.6079  -51.60939980
-34.5856  -55.31555516
-34.5634  -59.35446750
-34.5412  -63.63045857
-34.5190  -68.88300964
-34.4968  -73.92988358
-34.4746  -79.42627362
-34.4523  -85.17937488
-34.4301  -90.45363527
-34.4079  -95.76361959
-34.3857  -101.77006725
-34.3635  -107.81388327
-34.3413  -114.37682574
-34.3190  -122.34926700
-34.2968  -131.25977852
-34.2746  -141.16595874
-34.2524  -153.00468869
-34.2302  -166.12285123
-34.2080  -181.00867449
-34.1857  -198.10536348
-34.1635  -216.87730233
-34.1413  -237.22120781
-34.1191  -260.38349604
-34.0969  -285.81044088
-34.0747  -312.71609030
-34.0524  -340.77607580
-34.0302  -367.98797140
-34.0080  -395.02197406
-33.9858  -420.22595945
-33.9636  -441.89054699
-33.9413  -459.14499543
-33.9191  -472.29022830
-33.8969  -481.36204880
-33.8747  -488.53519886
-33.8525  -494.63972479
-33.8303  -499.76632773
-33.8080  -503.89926571
-33.7858  -507.27321266
-33.7636  -510.04949540
-33.7414  -512.08985049
-33.7192  -513.87794526
-33.6970  -515.54023172
-33.6747  -516.93031584
-33.6525  -517.90679966
-33.6303  -518.91638481
-33.6081  -519.59471798
-33.5859  -519.88393811
-33.5637  -520.50540630
-33.5414  -520.78079232
-33.5192  -521.05806423
-33.4970  -521.34054774
-33.4748  -521.83820921
-33.4526  -521.99522575
-33.4303  -522.33736268
-33.4081  -522.62565963
-33.3859  -522.74765202
-33.3637  -522.71251577
-33.3415  -522.84027723
-33.3193  -522.66996400
-33.2970  -522.60717562
-33.2748  -522.47760442
-33.2526  -522.54222501
-33.2304  -522.41557543
-33.2082  -522.38011964
-33.1860  -522.41562326
-33.1637  -522.32530969
-33.1415  -522.36355092
-33.1193  -522.12247146
-33.0971  -521.77496448
-33.0749  -521.80916834
-33.0527  -521.79649736
-33.0304  -521.40629706
-33.0082  -521.33384727
-32.9860  -520.82124252
-32.9638  -519.76801275
-32.9416  -518.22936740
-32.9194  -515.76896033
-32.8971  -511.65397631
-32.8749  -506.28201937
-32.8527  -499.33206568
-32.8305  -490.14422025
-32.8083  -479.58898972
-32.7860  -468.38687923
-32.7638  -457.19766496
-32.7416  -446.25471817
-32.7194  -434.85124507
-32.6972  -422.78217948
-32.6750  -409.92626527
-32.6527  -396.99227333
-32.6305  -383.51250056
-32.6083  -370.85414017
-32.5861  -359.37639331
-32.5639  -348.62868690
-32.5417  -338.88154515
-32.5194  -329.63443380
-32.4972  -320.13786972
-32.4750  -310.39396622
-32.4528  -300.30151160
-32.4306  -289.82984547
-32.4084  -278.59900684
-32.3861  -266.92987739
-32.3639  -254.49128304
-32.3417  -241.61240891
-32.3195  -228.26334898
-32.2973  -214.62643160
-32.2751  -200.66271822
-32.2528  -186.51779177
-32.2306  -172.25624377
-32.2084  -158.46689738
-32.1862  -145.35615406
-32.1640  -133.19709427
-32.1417  -121.59383553
-32.1195  -110.92773863
-32.0973  -101.06430233
-32.0751  -91.86976089
-32.0529  -83.53539067
-32.0307  -76.01386050
-32.0084  -68.96323199
-31.9862  -62.41496211
-31.9640  -56.76196857
-31.9418  -51.72240516
-31.9196  -47.09056753
-31.8974  -43.33798037
-31.8751  -40.16599738
-31.8529  -37.34256965
-31.8307  -35.10027146
-31.8085  -33.05601762
-31.7863  -31.22877864
-31.7641  -29.14582970
-31.7418  -27.05898273
-31.7196  -24.71858004
-31.6974  -22.66368452
-31.6752  -20.73460332
-31.6530  -18.77736071
-31.6307  -17.01161710
-31.6085  -15.43800879
-31.5863  -13.88237107
-31.5641  -12.56035825
-31.5419  -11.15378501
-31.5197  -10.04475164
-31.4974   -8.70362412
-31.4752   -8.15726471
-31.4530   -7.15710006
-31.4308   -6.40667616
-31.4086   -5.88351922
-31.3864   -5.36819271
-31.3641   -4.44962594
-31.3419   -3.87530901
-31.3197   -3.23951835
-31.2975   -2.29106197
-31.2753   -1.87182309
-31.2531   -1.16911912
-31.2308   -0.78838505
-31.2086   -0.61940328
-31.1864   -0.57426998
-31.1642   -0.05702320
-31.1420   -0.00037996
-31.1198    0.34577393
-31.0975    0.72593566
-31.0753    1.01582438
-31.0531    1.15642289
-31.0309    1.81100155
-31.0087    1.69472984
-30.9864    1.83041303
-30.9642    2.06946929
-30.9420    2.06671291
-30.9198    2.04655481
-30.8976    2.32039406
-30.8754    2.55084848
-30.8531    2.52556542
-30.8309    2.59002180
-30.8087    2.79691029
-30.7865    2.78554813
-30.7643    2.92843521
-30.7421    3.30759840
-30.7198    3.49611651
-30.6976    3.89883748
-30.6754    3.93629887
-30.6532    3.94231137
-30.6310    3.74045328
-30.6088    3.82056312
-30.5865    3.71528599
-30.5643    3.82479659
-30.5421    4.10130616
-30.5199    4.18999210
-30.4977    4.05831465
-30.4754    4.20071402
-30.4532    4.27310116
-30.4310    4.08275903
-30.4088    4.00985786
-30.3866    4.01205945
-30.3644    3.76655773
-30.3421    3.77543892
-30.3199    4.06331580
-30.2977    3.88980423
-30.2755    4.20808854
-30.2533    4.49745146
-30.2311    4.37094409
-30.2088    4.37045991
-30.1866    4.58927712
-30.1644    4.15672147
-30.1422    4.31610950
-30.1200    4.37413994
-30.0978    4.37556023
-30.0755    4.59612437
-30.0533    4.90252799
-30.0311    4.79629872
-30.0089    4.81813022
-29.9867    5.04594960
-29.9645    4.66422708
-29.9422    4.72016764
-29.9200    4.88690191
-29.8978    4.67593980
-29.8756    4.85014195
-29.8534    4.95711885
-29.8311    5.18592585
-29.8089    5.07887723
-29.7867    5.20114268
-29.7645    5.06049827
-29.7423    4.91962229
-29.7201    4.91748597
-29.6978    4.71532804
-29.6756    4.42284712
-29.6534    4.42596645
-29.6312    4.57232304
-29.6090    4.45813027
-29.5868    4.31721061
-29.5645    4.41323199
-29.5423    4.14923230
-29.5201    3.80385107
-29.4979    3.93354162
-29.4757    3.87547699
-29.4535    3.75123781
-29.4312    3.74277562
-29.4090    3.75854263
-29.3868    3.55263714
-29.3646    3.79852343
-29.3424    3.75328652
-29.3202    3.47204728
-29.2979    3.42772539
-29.2757    3.25950690
-29.2535    2.94279006
-29.2313    2.81342375
-29.2091    2.76328585
-29.1868    2.55233973
-29.1646    2.59419854
-29.1424    2.68551050
-29.1202    2.74599231
-29.0980    2.86955701
-29.0758    2.82788046
-29.0535    2.76277584
-29.0313    2.66264327
-29.0091    2.64083121
-28.9869    2.52730384
-28.9647    2.54335266
-28.9425    2.55442483
-28.9202    2.72569681
-28.8980    2.69091210
-28.8758    2.70707137
-28.8536    2.68472846
-28.8314    2.74944711
-28.8092    2.48271880
-28.7869    2.22313806
-28.7647    2.19161477
-28.7425    2.34440754
-28.7203    2.40390940
-28.6981    2.55665997
-28.6758    2.88295512
-28.6536    2.88904108
-28.6314    3.03997693
-28.6092    3.10145536
-28.5870    3.03436063
-28.5648    3.02394917
-28.5425    3.02679559
-28.5203    2.87866914
-28.4981    2.62079295
-28.4759    2.66385481
-28.4537    2.92982320
-28.4315    2.81271618
-28.4092    2.73426283
-28.3870    2.78058228
-28.3648    2.80663081
-28.3426    2.55294171
-28.3204    2.62889901
-28.2982    2.38132793
-28.2759    2.27738259
-28.2537    2.40946907
-28.2315    2.40189931
-28.2093    2.36507226
-28.1871    2.69269036
-28.1649    2.55555128
-28.1426    2.48264575
-28.1204    2.65267396
-28.0982    2.43808062
-28.0760    2.50517412
-28.0538    2.60934022
-28.0315    2.76106993
-28.0093    2.69036123
-27.9871    2.92603072
-27.9649    2.98931423
-27.9427    2.84825569
-27.9205    2.95065937
-27.8982    2.85799109
-27.8760    2.75295542
-27.8538    2.79739955
-27.8316    2.59204668
-27.8094    2.41355914
-27.7872    2.47050793
-27.7649    2.49808079
-27.7427    2.55983202
-27.7205    2.52605300
-27.6983    2.53881352
-27.6761    2.39811277
-27.6539    2.27414025
-27.6316    2.12153206
-27.6094    1.99251967
-27.5872    1.69210869
-27.5650    1.75778363
-27.5428    1.52667595
-27.5206    1.60703640
-27.4983    1.44869365
-27.4761    1.62967110
-27.4539    1.52863370
-27.4317    1.78419932
-27.4095    1.50666207
-27.3872    1.32247957
-27.3650    1.44139456
-27.3428    1.26600173
-27.3206    1.02279136
-27.2984    1.33190726
-27.2762    1.25699869
-27.2539    1.29976175
-27.2317    1.55233264
-27.2095    1.72232863
-27.1873    1.77654714
-27.1651    2.05895927
-27.1429    2.02352563
-27.1206    1.84646347
-27.0984    1.79012765
-27.0762    1.82735862
-27.0540    1.81248413
-27.0318    2.10488387
-27.0096    2.29408649
-26.9873    2.17460532
-26.9651    2.17204639
-26.9429    2.12113070
-26.9207    1.91002260
-26.8985    1.82784370
-26.8762    1.98344287
-26.8540    1.53071212
-26.8318    1.54209489
-26.8096    1.58158957
-26.7874    1.51557408
-26.7652    1.30171502
-26.7429    1.70455465
-26.7207    1.52651066
-26.6985    1.48565337
-26.6763    1.28594343
-26.6541    1.20213299
-26.6319    0.82719538
-26.6096    0.80413015
-26.5874    0.88148707
-26.5652    0.66134069
-26.5430    0.90058271
-26.5208    0.86138438
-26.4986    0.54359181
-26.4763    0.55542670
-26.4541    0.58874940
-26.4319    0.37626900
-26.4097    0.32570636
-26.3875    0.21596456
-26.3653    0.07939672
-26.3430    0.17710806
-26.3208    0.53761469
-26.2986    0.48405005
-26.2764    0.50788066
-26.2542    0.39597760
-26.2319    0.38772693
-26.2097   -0.04466518
-26.1875   -0.05079841
-26.1653   -0.24797571
-26.1431   -0.47390819
-26.1209   -0.52706016
-26.0986   -0.46886537
-26.0764   -0.53143204
-26.0542   -0.20277227
-26.0320   -0.07186071
-26.0098    0.00000000
-25.9876   -0.03874401
-25.9653    0.10246310
-25.9431   -0.13896688
-25.9209   -0.12103292
-25.8987   -0.12128258
-25.8765   -0.13317978
-25.8543   -0.16127336
-25.8320    0.01571717
-25.8098    0.00328308
-25.7876    0.33666388
-25.7654    0.38464275
-25.7432    0.28574949
-25.7210   -0.00330695
-25.6987    0.07458517
-25.6765   -0.06134570
-25.6543   -0.11391781
-25.6321   -0.15314486
-25.6099   -0.28883708
-25.5876   -0.33149612
-25.5654   -0.13603390
-25.5432   -0.04846503
-25.5210    0.03289774
-25.4988    0.09366772
-25.4766    0.25057805
-25.4543    0.13169011
-25.4321   -0.15600789
-25.4099   -0.21776986
-25.3877   -0.35295354
-25.3655   -0.35961670
-25.3433   -0.39307179
-25.3210   -0.16526454
-25.2988   -0.29081048
-25.2766   -0.07260953
-25.2544   -0.29161301
-25.2322   -0.19070128
-25.2100   -0.36134943
-25.1877   -0.58463058
-25.1655   -0.74025147
-25.1433   -0.73952117
-25.1211   -0.78690048
-25.0989   -0.85814038
-25.0766   -0.68705923
-25.0544   -0.84741395
-25.0322   -0.94590971
-25.0100   -0.65321680
-24.9878   -0.81058974
-24.9656   -0.92935658
-24.9433   -0.86289298
-24.9211   -1.05552982
-24.8989   -1.12298469
-24.8767   -1.38270022
-24.8545   -1.41559643
-24.8323   -1.65333275
-24.8100   -1.67791588
-24.7878   -1.84919075
-24.7656   -2.02476084
-24.7434   -2.13703270
-24.7212   -1.98832673
-24.6990   -2.26333441
-24.6767   -2.12862351
-24.6545   -2.37867208
-24.6323   -2.30969673
-24.6101   -2.58199684
-24.5879   -2.65036954
-24.5657   -2.78548304
-24.5434   -2.80384468
-24.5212   -2.80701200
-24.4990   -2.71433898
-24.4768   -2.89167310
-24.4546   -2.83584456
-24.4323   -2.86627704
-24.4101   -3.00500014
-24.3879   -3.06167536
-24.3657   -3.06363370
-24.3435   -3.30394024
-24.3213   -3.37980592
-24.2990   -3.29169025
-24.2768   -3.17207512
-24.2546   -3.08146684
-24.2324   -2.86739921
-24.2102   -2.78451152
-24.1880   -2.74851340
-24.1657   -2.49982390
-24.1435   -2.36536276
-24.1213   -2.25358665
-24.0991   -2.14635206
-24.0769   -2.18770259
-24.0547   -2.54132664
-24.0324   -1.94468031
-24.0102   -2.09481698
-23.9880   -1.95978187
-23.9658   -1.60253694
-23.9436   -1.51688286
-23.9214   -1.64641733
-23.8991   -1.57705139
-23.8769   -1.80089170
-23.8547   -1.86050976
-23.8325   -1.83122736
-23.8103   -1.79036870
-23.7880   -1.84900734
-23.7658   -1.51061103
-23.7436   -1.59411024
-23.7214   -1.97113513
-23.6992   -1.89517637
-23.6770   -1.94494781
-23.6547   -2.15403964
-23.6325   -2.03250698
-23.6103   -2.34183046
-23.5881   -2.41494019
-23.5659   -2.38605666
-23.5437   -2.61006472
-23.5214   -2.85896216
-23.4992   -3.03004122
-23.4770   -3.28207565
-23.4548   -3.53879740
-23.4326   -3.53923226
-23.4104   -3.63470984
-23.3881   -3.81984272
-23.3659   -3.99550041
-23.3437   -4.19785832
-23.3215   -4.22305699
-23.2993   -4.20329812
-23.2770   -4.09352628
-23.2548   -3.95018848
-23.2326   -4.22040899
-23.2104   -3.99658143
-23.1882   -4.05869617
-23.1660   -4.41264922
-23.1437   -4.19005769
-23.1215   -4.21825300
-23.0993   -4.55741902
-23.0771   -4.41057843
-23.0549   -4.17521049
-23.0327   -4.34364307
-23.0104   -4.27414874
-22.9882   -4.11422255
-22.9660   -4.39792559
-22.9438   -4.28227130
-22.9216   -4.14106339
-22.8994   -4.51702405
-22.8771   -4.36935692
-22.8549   -3.99344107
-22.8327   -4.18984204
-22.8105   -3.99774186
-22.7883   -3.79836480
-22.7661   -4.04645825
-22.7438   -3.88866030
-22.7216   -3.74044387
-22.6994   -3.78371259
-22.6772   -3.75817201
-22.6550   -3.58493076
-22.6327   -3.76588255
-22.6105   -4.01788137
-22.5883   -4.19924754
-22.5661   -4.30636880
-22.5439   -4.38821440
-22.5217   -4.48705605
-22.4994   -4.68373622
-22.4772   -4.69995938
-22.4550   -4.69817073
-22.4328   -4.72348003
-22.4106   -4.93099016
-22.3884   -4.98133204
-22.3661   -5.08571021
-22.3439   -5.40311614
-22.3217   -5.47367419
-22.2995   -5.56547268
-22.2773   -5.68586070
-22.2551   -5.86450080
-22.2328   -5.75903803
-22.2106   -5.65093568
-22.1884   -5.80728759
-22.1662   -5.53636298
-22.1440   -5.83281032
-22.1218   -6.08495878
-22.0995   -5.76078373
-22.0773   -6.02073480
-22.0551   -6.30599810
-22.0329   -6.26690145
-22.0107   -6.18846434
-21.9884   -6.21145297
-21.9662   -5.87070984
-21.9440   -5.82710713
-21.9218   -5.77349025
-21.8996   -5.59027827
-21.8774   -5.58112516
-21.8551   -5.80597103
-21.8329   -5.74686416
-21.8107   -5.94746294
-21.7885   -6.47422523
-21.7663   -6.49793717
-21.7441   -6.57398367
-21.7218   -6.86281598
-21.6996   -6.78114953
-21.6774   -6.87593544
-21.6552   -7.25263162
-21.6330   -7.22451790
-21.6108   -7.59719060
-21.5885   -7.86841451
-21.5663   -8.13122444
-21.5441   -8.32961022
-21.5219   -8.74597278
-21.4997   -8.63827605
-21.4774   -8.66987317
-21.4552   -9.16741783
-21.4330   -9.52208198
-21.4108   -9.68201193
-21.3886   -9.95458746
-21.3664  -10.28937233
-21.3441  -10.54559382
-21.3219  -10.78358271
-21.2997  -11.32075063
-21.2775  -11.53789074
-21.2553  -11.90950903
-21.2331  -12.33904166
-21.2108  -12.84622282
-21.1886  -12.75919959
-21.1664  -13.16348726
-21.1442  -13.39528602
-21.1220  -13.27695808
-21.0998  -13.17634904
-21.0775  -13.03273027
-21.0553  -13.02452789
-21.0331  -13.20947610
-21.0109  -13.55871312
-20.9887  -13.35421285
-20.9665  -13.62896732
-20.9442  -13.61470625
-20.9220  -13.45918638
-20.8998  -13.73873059
-20.8776  -13.57649340
-20.8554  -13.33006914
-20.8331  -13.49643493
-20.8109  -13.53304096
-20.7887  -13.42090129
-20.7665  -13.49681586
-20.7443  -13.88981732
-20.7221  -13.72057044
-20.6998  -13.57997009
-20.6776  -13.84598928
-20.6554  -13.88545816
-20.6332  -13.84106938
-20.6110  -14.25264828
-20.5888  -14.21093717
-20.5665  -14.24029122
-20.5443  -14.38008379
-20.5221  -14.42610652
-20.4999  -14.16934198
-20.4777  -14.38090783
-20.4555  -14.35128948
-20.4332  -14.34674338
-20.4110  -14.57601974
-20.3888  -14.59621539
-20.3666  -14.46458771
-20.3444  -14.62454228
-20.3222  -14.73747718
-20.2999  -14.55517829
-20.2777  -14.62748750
-20.2555  -14.72086103
-20.2333  -14.52435670
-20.2111  -14.71962473
-20.1888  -15.03092398
-20.1666  -14.88914632
-20.1444  -15.05001608
-20.1222  -15.12572791
-20.1000  -14.82146717
-20.0778  -14.74255959
-20.0555  -14.95872926
-20.0333  -14.91273123
-20.0111  -14.98627675
-19.9889  -15.34612926
-19.9667  -15.70126975
-19.9445  -15.76251421
-19.9222  -15.97315888
-19.9000  -15.89741469
-19.8778  -15.91962895
-19.8556  -16.09634693
-19.8334  -16.02192469
-19.8112  -15.97708584
-19.7889  -16.17474604
-19.7667  -16.00885285
-19.7445  -16.09385876
-19.7223  -16.24158866
-19.7001  -16.14200428
-19.6778  -16.07351543
-19.6556  -16.17793105
-19.6334  -16.40298213
-19.6112  -16.53930446
-19.5890  -16.84742301
-19.5668  -17.32756875
-19.5445  -17.41639476
-19.5223  -17.62207406
-19.5001  -17.96586085
-19.4779  -18.00779460
-19.4557  -18.42904005
-19.4335  -18.71899232
-19.4112  -19.00118628
-19.3890  -19.32261940
-19.3668  -19.72840918
-19.3446  -20.12691195
-19.3224  -20.19259314
-19.3002  -20.65801293
-19.2779  -20.78031364
-19.2557  -20.98301252
-19.2335  -21.31025655
-19.2113  -21.40990966
-19.1891  -21.70536934
-19.1669  -22.33533685
-19.1446  -23.05107500
-19.1224  -23.25604968
-19.1002  -24.21909168
-19.0780  -24.81651889
-19.0558  -25.26618611
-19.0335  -26.01608171
-19.0113  -26.58977632
-18.9891  -26.96298982
-18.9669  -27.77661784
-18.9447  -28.35781544
-18.9225  -28.73001552
-18.9002  -29.41523207
-18.8780  -30.39462874
-18.8558  -31.21496842
-18.8336  -32.16720021
-18.8114  -33.19108127
-18.7892  -33.74019034
-18.7669  -34.56636497
-18.7447  -35.24838642
-18.7225  -35.88106874
-18.7003  -36.88443400
-18.6781  -37.96116014
-18.6559  -38.88338442
-18.6336  -39.94510406
-18.6114  -41.33036426
-18.5892  -42.23411282
-18.5670  -43.38929052
-18.5448  -44.49671915
-18.5226  -45.52295415
-18.5003  -47.10404413
-18.4781  -48.80395800
-18.4559  -50.98904831
-18.4337  -53.17402834
-18.4115  -55.92767573
-18.3892  -58.99689548
-18.3670  -62.13760130
-18.3448  -65.41601277
-18.3226  -68.97978196
-18.3004  -72.28852298
-18.2782  -76.29657137
-18.2559  -80.93312135
-18.2337  -85.79467405
-18.2115  -91.06702773
-18.1893  -96.83183860
-18.1671  -102.29774845
-18.1449  -107.75123866
-18.1226  -112.95817195
-18.1004  -118.32358802
-18.0782  -123.94063804
-18.0560  -131.06622967
-18.0338  -139.69139516
-18.0116  -150.03770101
-17.9893  -162.74838824
-17.9671  -177.28596277
-17.9449  -193.67920201
-17.9227  -211.33704118
-17.9005  -230.16471235
-17.8782  -250.34732908
-17.8560  -272.89584635
-17.8338  -298.53144647
-17.8116  -325.62973192
-17.7894  -354.19361504
-17.7672  -383.69336059
-17.7449  -412.61114655
-17.7227  -439.18226255
-17.7005  -460.64408146
-17.6783  -475.86767536
-17.6561  -486.04846613
-17.6339  -494.51426072
-17.6116  -501.75367067
-17.5894  -507.66442778
-17.5672  -512.59567325
-17.5450  -516.50709588
-17.5228  -519.75340074
-17.5006  -522.51257713
-17.4783  -524.71177919
-17.4561  -526.23384846
-17.4339  -527.96794490
-17.4117  -528.90028755
-17.3895  -529.53318599
-17.3673  -530.55254591
-17.3450  -531.29515556
-17.3228  -531.75953199
-17.3006  -532.34249782
-17.2784  -532.99040659
-17.2562  -532.92596342
-17.2339  -533.30847735
-17.2117  -533.48111009
-17.1895  -533.50958433
-17.1673  -533.90082769
-17.1451  -534.26400920
-17.1229  -534.14135705
-17.1006  -534.54705843
-17.0784  -534.76893090
-17.0562  -534.63231896
-17.0340  -534.57544436
-17.0118  -534.59381874
-16.9896  -534.22426396
-16.9673  -534.09425730
-16.9451  -534.15073201
-16.9229  -533.86894646
-16.9007  -533.77948381
-16.8785  -534.03603459
-16.8563  -533.95845752
-16.8340  -533.98017588
-16.8118  -534.21789341
-16.7896  -534.04814101
-16.7674  -533.83083791
-16.7452  -533.96748255
-16.7230  -533.82141587
-16.7007  -533.50542538
-16.6785  -533.56344613
-16.6563  -533.43544026
-16.6341  -533.39881879
-16.6119  -533.57067088
-16.5896  -533.87520578
-16.5674  -533.67776847
-16.5452  -533.84539148
-16.5230  -533.85085708
-16.5008  -533.50658864
-16.4786  -533.21819907
-16.4563  -533.26289843
-16.4341  -533.01610158
-16.4119  -532.90022540
-16.3897  -532.98383557
-16.3675  -533.08381422
-16.3453  -533.12192587
-16.3230  -533.19872404
-16.3008  -533.10777884
-16.2786  -533.19324450
-16.2564  -533.37853525
-16.2342  -533.39497029
-16.2120  -533.23085610
-16.1897  -533.53143616
-16.1675  -533.61782519
-16.1453  -533.48665592
-16.1231  -533.59430136
-16.1009  -533.43078481
-16.0786  -533.20784939
-16.0564  -533.13653473
-16.0342  -532.95397104
-16.0120  -533.07005391
-15.9898  -533.18982189
-15.9676  -533.43796989
-15.9453  -533.62482452
-15.9231  -533.58961493
-15.9009  -533.56343401
-15.8787  -533.51890809
-15.8565  -533.71606248
-15.8343  -533.80162481
-15.8120  -534.03914537
-15.7898  -534.06106457
-15.7676  -534.11302496
-15.7454  -534.19197190
-15.7232  -534.01938752
-15.7010  -534.02652452
-15.6787  -533.99149584
-15.6565  -533.80084856
-15.6343  -534.03803305
-15.6121  -534.23642273
-15.5899  -534.13775858
-15.5677  -534.13347703
-15.5454  -534.29828194
-15.5232  -534.16175647
-15.5010  -534.13427105
-15.4788  -534.09850934
-15.4566  -533.86088819
-15.4343  -533.97264791
-15.4121  -534.28635638
-15.3899  -534.18193009
-15.3677  -534.40169801
-15.3455  -534.60791307
-15.3233  -534.44042161
-15.3010  -534.40725839
-15.2788  -534.27765240
-15.2566  -533.96055245
-15.2344  -534.02276259
-15.2122  -534.05980906
-15.1900  -533.84482997
-15.1677  -533.94187318
-15.1455  -534.22994801
-15.1233  -534.16608410
-15.1011  -534.14112828
-15.0789  -534.25821627
-15.0567  -534.02133025
-15.0344  -533.86726427
-15.0122  -533.64971643
-14.9900  -533.60315723
-14.9678  -533.61699065
-14.9456  -533.94940106
-14.9234  -533.81844799
-14.9011  -533.99058055
-14.8789  -534.06091499
-14.8567  -534.03586974
-14.8345  -534.06241526
-14.8123  -533.96069592
-14.7900  -533.86287802
-14.7678  -533.81635097
-14.7456  -533.74940353
-14.7234  -533.98270439
-14.7012  -533.87728098
-14.6790  -533.90166121
-14.6567  -534.10127894
-14.6345  -534.22285110
-14.6123  -534.21727330
-14.5901  -534.30587788
-14.5679  -534.35987009
-14.5457  -534.29393657
-14.5234  -534.48243620
-14.5012  -534.46767063
-14.4790  -534.49437151
-14.4568  -534.71059983
-14.4346  -534.77823159
-14.4124  -534.76408632
-14.3901  -534.91135036
-14.3679  -534.92822328
-14.3457  -534.68240213
-14.3235  -534.68987300
-14.3013  -534.65858902
-14.2790  -534.29364629
-14.2568  -534.53906852
-14.2346  -534.62983641
-14.2124  -534.47726737
-14.1902  -534.56456197
-14.1680  -534.78789686
-14.1457  -534.64273396
-14.1235  -534.66308578
-14.1013  -534.56083770
-14.0791  -534.42665692
-14.0569  -534.24331623
-14.0347  -534.55884602
-14.0124  -534.56279846
-13.9902  -534.84428077
-13.9680  -535.05747927
-13.9458  -535.20512793
-13.9236  -535.09076607
-13.9014  -534.92326110
-13.8791  -534.68413022
-13.8569  -534.32947646
-13.8347  -534.34057416
-13.8125  -534.16247228
-13.7903  -534.22092646
-13.7681  -534.39634763
-13.7458  -534.53465987
-13.7236  -534.40957676
-13.7014  -534.57577707
-13.6792  -534.58667532
-13.6570  -534.28202769
-13.6347  -534.01220392
-13.6125  -533.99834331
-13.5903  -533.96891288
-13.5681  -533.83782302
-13.5459  -534.23491806
-13.5237  -534.27704809
-13.5014  -534.56409546
-13.4792  -534.58850717
-13.4570  -534.36709656
-13.4348  -534.27338327
-13.4126  -534.29260217
-13.3904  -533.90186206
-13.3681  -533.76393333
-13.3459  -533.77947634
-13.3237  -533.56891861
-13.3015  -533.59415288
-13.2793  -533.88536714
-13.2571  -533.79375525
-13.2348  -533.93508576
-13.2126  -534.10868164
-13.1904  -534.10950126
-13.1682  -534.21176028
-13.1460  -534.29538282
-13.1238  -534.09218403
-13.1015  -534.14082394
-13.0793  -534.09719958
-13.0571  -534.38853820
-13.0349  -534.35235719
-13.0127  -534.33446460
-12.9904  -534.27052310
-12.9682  -533.99970572
-12.9460  -533.94144025
-12.9238  -533.94169912
-12.9016  -533.70238361
-12.8794  -533.57319211
-12.8571  -533.40641842
-12.8349  -533.39563449
-12.8127  -533.36326256
-12.7905  -533.51417567
-12.7683  -533.58328200
-12.7461  -533.72364455
-12.7238  -533.74667910
-12.7016  -533.71444700
-12.6794  -533.53310342
-12.6572  -533.70319917
-12.6350  -533.70300307
-12.6128  -533.74174276
-12.5905  -534.03665651
-12.5683  -534.07823475
-12.5461  -534.02168608
-12.5239  -534.19417299
-12.5017  -534.18575712
-12.4794  -533.83887748
-12.4572  -533.97287400
-12.4350  -533.80064092
-12.4128  -533.50151078
-12.3906  -533.71868486
-12.3684  -534.00698116
-12.3461  -533.72654273
-12.3239  -534.06619465
-12.3017  -534.05351084
-12.2795  -534.01898813
-12.2573  -534.06792393
-12.2351  -533.90363688
-12.2128  -533.58888925
-12.1906  -533.79051462
-12.1684  -533.79058303
-12.1462  -533.81675189
-12.1240  -533.93742522
-12.1018  -534.25079021
-12.0795  -533.98355015
-12.0573  -533.93657701
-12.0351  -533.90863290
-12.0129  -533.59082666
-11.9907  -533.55153453
-11.9685  -533.58613978
-11.9462  -533.59012815
-11.9240  -533.51339672
-11.9018  -533.51143372
-11.8796  -533.62434710
-11.8574  -533.46698800
-11.8351  -533.48715651
-11.8129  -533.75448030
-11.7907  -533.46302875
-11.7685  -533.56798615
-11.7463  -533.64517108
-11.7241  -533.51881787
-11.7018  -533.67428368
-11.6796  -533.81716822
-11.6574  -533.46652733
-11.6352  -533.70343149
-11.6130  -533.55306086
-11.5908  -533.42947644
-11.5685  -533.50848821
-11.5463  -533.55571031
-11.5241  -533.32492437
-11.5019  -533.24690632
-11.4797  -533.37605646
-11.4575  -533.18015274
-11.4352  -533.14389405
-11.4130  -533.38563095
-11.3908  -533.43254813
-11.3686  -533.41632470
-11.3464  -533.49594462
-11.3242  -533.22719446
-11.3019  -532.92107399
-11.2797  -533.13004779
-11.2575  -532.99101868
-11.2353  -533.12761223
-11.2131  -533.28261156
-11.1908  -533.36954960
-11.1686  -533.30115645
-11.1464  -533.17768295
-11.1242  -533.28147295
-11.1020  -533.09816283
-11.0798  -533.08573236
-11.0575  -533.19416179
-11.0353  -533.36032953
-11.0131  -533.34234370
-10.9909  -533.71898017
-10.9687  -533.82922515
-10.9465  -533.78798378
-10.9242  -533.95563833
-10.9020  -534.06674459
-10.8798  -533.66415627
-10.8576  -533.90543166
-10.8354  -533.72682464
-10.8132  -533.49838479
-10.7909  -533.70129106
-10.7687  -533.62880187
-10.7465  -533.45530402
-10.7243  -533.58744253
-10.7021  -533.46406425
-10.6798  -533.23534268
-10.6576  -533.30944360
-10.6354  -533.09518937
-10.6132  -532.80110824
-10.5910  -532.75451865
-10.5688  -532.61741364
-10.5465  -532.46766987
-10.5243  -532.61615426
-10.5021  -532.82036096
-10.4799  -532.68512125
-10.4577  -532.61590349
-10.4355  -532.91891530
-10.4132  -532.70462656
-10.3910  -532.98882225
-10.3688  -532.92439575
-10.3466  -532.86878686
-10.3244  -532.67871308
-10.3022  -532.52633596
-10.2799  -532.25914240
-10.2577  -532.30967582
-10.2355  -532.37107426
-10.2133  -532.41267732
-10.1911  -532.22263328
-10.1689  -532.37140225
-10.1466  -532.18615026
-10.1244  -532.16163672
-10.1022  -532.07167246
-10.0800  -532.17008848
-10.0578  -532.26848684
-10.0355  -532.18786072
-10.0133  -532.34860731
-9.9911  -532.28366059
-9.9689  -532.14892174
-9.9467  -532.04722188
-9.9245  -532.00491129
-9.9022  -532.07194097
-9.8800  -532.22339689
-9.8578  -532.07998446
-9.8356  -532.25280257
-9.8134  -532.57777584
-9.7912  -532.65040238
-9.7689  -532.79817869
-9.7467  -533.17173944
-9.7245  -533.02832402
-9.7023  -533.05227014
-9.6801  -533.33969484
-9.6579  -533.14855244
-9.6356  -532.98123824
-9.6134  -533.43106579
-9.5912  -533.10627934
-9.5690  -533.22401166
-9.5468  -533.30966597
-9.5246  -533.34886471
-9.5023  -533.15069371
-9.4801  -533.09488893
-9.4579  -532.80057438
-9.4357  -532.74393392
-9.4135  -532.82879286
-9.3912  -532.78507658
-9.3690  -532.59496624
-9.3468  -533.06184111
-9.3246  -532.90773496
-9.3024  -532.79260528
-9.2802  -532.98913466
-9.2579  -532.78666456
-9.2357  -532.54970874
-9.2135  -532.63372056
-9.1913  -532.86398154
-9.1691  -532.99117809
-9.1469  -532.96928885
-9.1246  -533.03438694
-9.1024  -532.91725339
-9.0802  -532.86124136
-9.0580  -532.59633765
-9.0358  -532.59384359
-9.0136  -532.51029521
-8.9913  -532.45149897
-8.9691  -532.52742992
-8.9469  -532.25754401
-8.9247  -532.26816507
-8.9025  -532.23536380
-8.8802  -532.05537391
-8.8580  -532.03479663
-8.8358  -532.04532556
-8.8136  -531.67275383
-8.7914  -531.75109457
-8.7692  -531.65388747
-8.7469  -531.29238411
-8.7247  -531.34948768
-8.7025  -531.41076428
-8.6803  -531.20198570
-8.6581  -531.40749583
-8.6359  -531.65748074
-8.6136  -531.71874715
-8.5914  -531.85750107
-8.5692  -531.94383859
-8.5470  -531.84331837
-8.5248  -531.79856730
-8.5026  -531.88579460
-8.4803  -531.74686114
-8.4581  -531.67725115
-8.4359  -531.56926215
-8.4137  -531.52705847
-8.3915  -531.51264504
-8.3693  -531.60224607
-8.3470  -531.52120255
-8.3248  -531.64800110
-8.3026  -531.70119540
-8.2804  -531.60350032
-8.2582  -531.52474591
-8.2359  -531.86074318
-8.2137  -531.82806620
-8.1915  -531.86204119
-8.1693  -532.03550871
-8.1471  -532.18483995
-8.1249  -532.18310465
-8.1026  -532.13386454
-8.0804  -532.11760780
-8.0582  -531.87406934
-8.0360  -531.66092222
-8.0138  -531.72837214
-7.9916  -531.59086421
-7.9693  -531.77303141
-7.9471  -531.78862273
-7.9249  -531.70208275
-7.9027  -531.75371901
-7.8805  -531.79216404
-7.8583  -531.56135036
-7.8360  -531.42178290
-7.8138  -531.18046769
-7.7916  -530.89478338
-7.7694  -530.73960357
-7.7472  -530.72438821
-7.7250  -530.69148265
-7.7027  -530.68704512
-7.6805  -530.69579874
-7.6583  -530.87898345
-7.6361  -530.64148337
-7.6139  -530.62726254
-7.5916  -530.64606088
-7.5694  -530.44558280
-7.5472  -530.52749470
-7.5250  -530.63839767
-7.5028  -530.46889935
-7.4806  -530.45183632
-7.4583  -530.76229845
-7.4361  -530.17356940
-7.4139  -530.23475929
-7.3917  -530.41674806
-7.3695  -530.20505567
-7.3473  -530.15843038
-7.3250  -530.19170809
-7.3028  -529.82771366
-7.2806  -529.87178000
-7.2584  -529.89708987
-7.2362  -529.70169230
-7.2140  -529.87538199
-7.1917  -530.03418595
-7.1695  -530.16137560
-7.1473  -530.17938627
-7.1251  -530.21723136
-7.1029  -530.24553345
-7.0806  -529.92547912
-7.0584  -529.99069612
-7.0362  -529.98708615
-7.0140  -529.85490276
-6.9918  -530.04219196
-6.9696  -530.12738317
-6.9473  -529.99055204
-6.9251  -530.16631663
-6.9029  -530.30319562
-6.8807  -530.10136493
-6.8585  -530.18886087
-6.8363  -530.31565120
-6.8140  -530.13968983
-6.7918  -530.34822226
-6.7696  -530.37578333
-6.7474  -530.14767837
-6.7252  -530.24991403
-6.7030  -530.24040395
-6.6807  -530.19442363
-6.6585  -530.13486000
-6.6363  -530.24320419
-6.6141  -529.95848943
-6.5919  -530.05384852
-6.5697  -529.97260591
-6.5474  -530.05694692
-6.5252  -529.83339364
-6.5030  -530.08983032
-6.4808  -529.95395358
-6.4586  -529.98529354
-6.4363  -530.08425694
-6.4141  -530.04198875
-6.3919  -530.08775726
-6.3697  -530.17155379
-6.3475  -530.16668377
-6.3253  -530.04342990
-6.3030  -529.74591200
-6.2808  -529.89956269
-6.2586  -529.83111370
-6.2364  -530.00985919
-6.2142  -530.06404207
-6.1920  -529.89081272
-6.1697  -530.04270746
-6.1475  -530.05585219
-6.1253  -529.83285344
-6.1031  -529.62780051
-6.0809  -529.45052041
-6.0587  -529.47751702
-6.0364  -529.60334841
-6.0142  -529.65510056
-5.9920  -529.92785980
-5.9698  -529.61433632
-5.9476  -529.88479751
-5.9253  -529.68279407
-5.9031  -529.29900398
-5.8809  -529.24198864
-5.8587  -529.11130250
-5.8365  -528.96531507
-5.8143  -529.08097717
-5.7920  -529.31085593
-5.7698  -529.17258837
-5.7476  -529.26407515
-5.7254  -529.39990390
-5.7032  -529.21042333
-5.6810  -528.98667066
-5.6587  -529.01105403
-5.6365  -528.39902784
-5.6143  -528.32035054
-5.5921  -528.33294631
-5.5699  -528.16118950
-5.5477  -528.19105979
-5.5254  -528.71734542
-5.5032  -528.53889600
-5.4810  -528.67660499
-5.4588  -528.68824716
-5.4366  -528.51146201
-5.4144  -528.18305044
-5.3921  -528.32039123
-5.3699  -528.05030814
-5.3477  -528.25317929
-5.3255  -528.31830580
-5.3033  -528.43837997
-5.2810  -528.47791074
-5.2588  -528.26461375
-5.2366  -528.00933737
-5.2144  -527.77670992
-5.1922  -527.81608726
-5.1700  -527.75054457
-5.1477  -527.84346161
-5.1255  -527.89524947
-5.1033  -527.87431876
-5.0811  -527.91889267
-5.0589  -527.91881733
-5.0367  -527.98628754
-5.0144  -527.92332064
-4.9922  -527.94688758
-4.9700  -527.92280272
-4.9478  -527.67694569
-4.9256  -527.70171287
-4.9034  -527.69172946
-4.8811  -527.33991721
-4.8589  -527.25680040
-4.8367  -527.52201338
-4.8145  -527.55646814
-4.7923  -527.74933859
-4.7701  -527.88879035
-4.7478  -527.98965318
-4.7256  -527.91443856
-4.7034  -528.01095396
-4.6812  -527.82721125
-4.6590  -527.55365272
-4.6367  -527.67949355
-4.6145  -527.70442708
-4.5923  -527.48438357
-4.5701  -527.80207252
-4.5479  -528.08088315
-4.5257  -527.93019345
-4.5034  -528.19497176
-4.4812  -528.06760253
-4.4590  -527.90397418
-4.4368  -527.73190074
-4.4146  -527.41938199
-4.3924  -527.10316598
-4.3701  -527.19356561
-4.3479  -527.18576597
-4.3257  -527.14459684
-4.3035  -527.24716805
-4.2813  -527.26378266
-4.2591  -527.18468057
-4.2368  -527.11690437
-4.2146  -527.11651426
-4.1924  -527.26418228
-4.1702  -527.08448074
-4.1480  -527.35162022
-4.1257  -527.51526548
-4.1035  -527.49820280
-4.0813  -527.68686304
-4.0591  -527.70079550
-4.0369  -527.69979893
-4.0147  -527.76055242
-3.9924  -527.82791849
-3.9702  -527.87630790
-3.9480  -528.02063461
-3.9258  -528.18266262
-3.9036  -528.13411111
-3.8814  -528.09302514
-3.8591  -527.88789898
-3.8369  -527.92596219
-3.8147  -527.86971544
-3.7925  -528.02352532
-3.7703  -528.09450628
-3.7481  -528.30049360
-3.7258  -528.46717017
-3.7036  -528.30440365
-3.6814  -528.35578829
-3.6592  -528.45682775
-3.6370  -528.38183885
-3.6148  -528.38203462
-3.5925  -528.59805066
-3.5703  -528.70593471
-3.5481  -528.84525625
-3.5259  -528.63463874
-3.5037  -528.84381532
-3.4814  -528.64717436
-3.4592  -528.78997047
-3.4370  -528.63111179
-3.4148  -528.45682745
-3.3926  -528.72857923
-3.3704  -528.84897076
-3.3481  -528.77592248
-3.3259  -529.01531982
-3.3037  -529.05186639
-3.2815  -528.98579103
-3.2593  -528.95668857
-3.2371  -528.98044161
-3.2148  -528.81944755
-3.1926  -528.67684147
-3.1704  -528.89837417
-3.1482  -528.87834027
-3.1260  -528.63541306
-3.1038  -528.83042718
-3.0815  -528.52070210
-3.0593  -528.50072593
-3.0371  -528.68642136
-3.0149  -528.44402125
-2.9927  -528.57493595
-2.9705  -528.82354709
-2.9482  -528.71314727
-2.9260  -528.70738343
-2.9038  -528.64874658
-2.8816  -528.27028813
-2.8594  -528.08305241
-2.8371  -528.01080275
-2.8149  -527.96456723
-2.7927  -527.86917039
-2.7705  -528.13471807
-2.7483  -528.19670430
-2.7261  -528.24364518
-2.7038  -528.21423914
-2.6816  -528.14781089
-2.6594  -528.04645795
-2.6372  -527.77650069
-2.6150  -527.80981250
-2.5928  -527.82420529
-2.5705  -528.01320575
-2.5483  -528.31463008
-2.5261  -528.13544991
-2.5039  -528.36305286
-2.4817  -528.35800985
-2.4595  -528.39377499
-2.4372  -528.12879614
-2.4150  -528.08662310
-2.3928  -528.24607439
-2.3706  -528.41095523
-2.3484  -528.55912854
-2.3261  -528.71255201
-2.3039  -528.59263075
-2.2817  -528.83289458
-2.2595  -528.69496793
-2.2373  -528.46481119
-2.2151  -528.52923214
-2.1928  -528.57382685
-2.1706  -528.35995302
-2.1484  -528.46402715
-2.1262  -528.82668778
-2.1040  -528.73958246
-2.0818  -528.65343839
-2.0595  -528.70230501
-2.0373  -528.63747063
-2.0151  -528.43117280
-1.9929  -528.51997275
-1.9707  -528.32820612
-1.9485  -528.38628285
-1.9262  -528.43669468
-1.9040  -528.37266324
-1.8818  -528.23449763
-1.8596  -528.14603457
-1.8374  -527.80723945
-1.8152  -527.83949872
-1.7929  -527.90572638
-1.7707  -528.02419501
-1.7485  -528.11302815
-1.7263  -528.03998135
-1.7041  -527.93034701
-1.6818  -527.86378304
-1.6596  -527.82822816
-1.6374  -527.84447243
-1.6152  -528.09713719
-1.5930  -528.12892655
-1.5708  -528.17389519
-1.5485  -528.20451901
-1.5263  -528.22817376
-1.5041  -528.22935464
-1.4819  -528.21762151
-1.4597  -528.19308144
-1.4375  -528.35004682
-1.4152  -528.03333257
-1.3930  -528.11303566
-1.3708  -528.16891088
-1.3486  -528.18303433
-1.3264  -528.25629465
-1.3042  -528.35854937
-1.2819  -528.28849030
-1.2597  -528.13463117
-1.2375  -528.20551724
-1.2153  -527.91881165
-1.1931  -527.93900192
-1.1709  -528.18382703
-1.1486  -528.30549911
-1.1264  -528.24898066
-1.1042  -528.69584017
-1.0820  -528.48943398
-1.0598  -528.42214051
-1.0375  -528.54164944
-1.0153  -528.23035227
-0.9931  -528.09847205
-0.9709  -528.13733871
-0.9487  -528.17895806
-0.9265  -528.20752817
-0.9042  -528.38292159
-0.8820  -528.40754701
-0.8598  -528.29917042
-0.8376  -528.13695629
-0.8154  -527.96408701
-0.7932  -527.96096522
-0.7709  -527.99680351
-0.7487  -527.98944352
-0.7265  -527.86632505
-0.7043  -527.97716327
-0.6821  -527.94537382
-0.6599  -528.03678701
-0.6376  -528.05699657
-0.6154  -528.09074945
-0.5932  -527.98848627
-0.5710  -527.96195373
-0.5488  -528.04231319
-0.5265  -527.69387359
-0.5043  -527.70675976
-0.4821  -527.82834545
-0.4599  -527.90888335
-0.4377  -527.84782189
-0.4155  -527.94167247
-0.3932  -527.77668849
-0.3710  -527.53180850
-0.3488  -527.37089018
-0.3266  -527.36969922
-0.3044  -527.03644273
-0.2822  -527.04608801
-0.2599  -527.20640105
-0.2377  -526.86837733
-0.2155  -527.06374505
-0.1933  -527.27089526
-0.1711  -527.19668249
-0.1489  -527.12692148
-0.1266  -527.05803406
-0.1044  -527.09642294
-0.0822  -527.14479825
-0.0600  -527.36148751
-0.0378  -527.42190404
-0.0156  -527.49194058
0.0067  -527.67308682
0.0289  -527.67955487
0.0511  -527.69749149
0.0733  -527.79397205
0.0955  -527.60704998
0.1178  -527.44772610
0.1400  -527.27946279
0.1622  -527.43889600
0.1844  -527.45939257
0.2066  -527.52270147
0.2288  -527.74325969
0.2511  -528.03392858
0.2733  -528.47147652
0.2955  -528.49042269
0.3177  -528.41886167
0.3399  -528.40146859
0.3621  -528.40042956
0.3844  -528.42439046
0.4066  -528.30124524
0.4288  -528.53940113
0.4510  -528.66939160
0.4732  -528.47140768
0.4954  -528.76420110
0.5177  -528.75613504
0.5399  -528.56180053
0.5621  -528.64372456
0.5843  -528.53042285
0.6065  -528.64371002
0.6287  -528.64738121
0.6510  -529.00129684
0.6732  -528.90774277
0.6954  -529.06732213
0.7176  -528.95007472
0.7398  -529.03175871
0.7621  -528.71973772
0.7843  -528.65068701
0.8065  -528.31620297
0.8287  -528.56109143
0.8509  -528.64926052
0.8731  -528.69032544
0.8954  -528.91970115
0.9176  -529.10205171
0.9398  -529.12912579
0.9620  -529.35017672
0.9842  -529.27412001
1.0064  -529.06206646
1.0287  -528.86492031
1.0509  -528.71420615
1.0731  -528.67668350
1.0953  -528.59731727
1.1175  -528.89712854
1.1397  -528.75954806
1.1620  -528.63691464
1.1842  -528.74545987
1.2064  -528.47170602
1.2286  -528.56850343
1.2508  -528.24492694
1.2731  -528.14162548
1.2953  -527.97073093
1.3175  -527.87560534
1.3397  -528.00404970
1.3619  -527.78879731
1.3841  -528.00058405
1.4064  -528.24011542
1.4286  -528.12454226
1.4508  -528.19371131
1.4730  -528.25732586
1.4952  -527.96150301
1.5174  -527.87107635
1.5397  -528.02673998
1.5619  -527.83281573
1.5841  -527.76839711
1.6063  -528.30618425
1.6285  -528.24632576
1.6507  -528.48066911
1.6730  -528.79959033
1.6952  -528.32928255
1.7174  -528.21416469
1.7396  -528.37259886
1.7618  -527.99425449
1.7840  -528.11204814
1.8063  -528.41078296
1.8285  -528.35603191
1.8507  -528.42801049
1.8729  -528.92088981
1.8951  -528.64152925
1.9174  -528.50796441
1.9396  -528.55828055
1.9618  -528.21392476
1.9840  -528.03021096
2.0062  -528.01583868
2.0284  -527.97619524
2.0507  -528.06237666
2.0729  -528.22991702
2.0951  -528.30007284
2.1173  -528.39601759
2.1395  -528.59666480
2.1617  -528.36766246
2.1840  -528.20360559
2.2062  -528.09174691
2.2284  -527.80225818
2.2506  -527.80038507
2.2728  -527.66399743
2.2950  -527.62394220
2.3173  -527.54711800
2.3395  -527.51986436
2.3617  -527.66402436
2.3839  -527.73572211
2.4061  -527.57589453
2.4283  -527.70468675
2.4506  -527.70049945
2.4728  -527.40240333
2.4950  -527.44091351
2.5172  -527.69611852
2.5394  -527.61358189
2.5617  -527.74864749
2.5839  -527.97873167
2.6061  -527.80419372
2.6283  -527.75220308
2.6505  -527.85135161
2.6727  -527.31016741
2.6950  -527.14432769
2.7172  -527.35753291
2.7394  -526.99175497
2.7616  -527.04345299
2.7838  -527.23633140
2.8060  -526.92612845
2.8283  -527.16030594
2.8505  -527.36056446
2.8727  -526.97285826
2.8949  -526.93815543
2.9171  -526.90874775
2.9393  -526.56573919
2.9616  -526.56575466
2.9838  -526.71033094
3.0060  -526.49988057
3.0282  -526.65772458
3.0504  -527.14482064
3.0727  -526.86126203
3.0949  -526.89369330
3.1171  -527.13316317
3.1393  -526.76869716
3.1615  -526.56571560
3.1837  -526.61369072
3.2060  -526.56002783
3.2282  -526.43095462
3.2504  -526.56884635
3.2726  -526.70438216
3.2948  -526.73892440
3.3170  -526.80127436
3.3393  -526.81269841
3.3615  -526.60053251
3.3837  -526.49185502
3.4059  -526.54254821
3.4281  -526.64499618
3.4503  -526.54732908
3.4726  -526.77165306
3.4948  -526.85353480
3.5170  -526.74850161
3.5392  -526.97248958
3.5614  -526.90178143
3.5836  -526.61362808
3.6059  -526.68859744
3.6281  -526.49997081
3.6503  -526.32324061
3.6725  -526.58447187
3.6947  -526.42434358
3.7170  -526.32244389
3.7392  -526.68854277
3.7614  -526.55708733
3.7836  -526.80190859
3.8058  -526.91294587
3.8280  -526.87167792
3.8503  -526.67053684
3.8725  -526.91288487
3.8947  -526.96392751
3.9169  -526.68786598
3.9391  -526.94614863
3.9613  -526.82023757
3.9836  -526.71087947
4.0058  -526.77884347
4.0280  -526.89362671
4.0502  -526.57704520
4.0724  -526.63423790
4.0946  -526.46113962
4.1169  -526.34332035
4.1391  -526.18748623
4.1613  -526.32831481
4.1835  -526.24903737
4.2057  -526.27520619
4.2279  -526.44474669
4.2502  -526.40283954
4.2724  -526.40948100
4.2946  -526.27195380
4.3168  -526.43162929
4.3390  -526.20072108
4.3613  -526.18142769
4.3835  -526.29413901
4.4057  -526.18029705
4.4279  -526.01198443
4.4501  -526.39431584
4.4723  -526.18141719
4.4946  -526.09917736
4.5168  -526.21785197
4.5390  -525.96381568
4.5612  -526.02447175
4.5834  -526.00954916
4.6056  -525.62882634
4.6279  -525.85648416
4.6501  -525.92289942
4.6723  -525.87867295
4.6945  -525.89182635
4.7167  -525.92109576
4.7389  -525.63407390
4.7612  -525.51473633
4.7834  -525.54017002
4.8056  -525.36416701
4.8278  -525.19622635
4.8500  -525.18866352
4.8723  -524.83446829
4.8945  -524.88932747
4.9167  -524.87188197
4.9389  -524.74167566
4.9611  -524.79948936
4.9833  -524.59690058
5.0056  -524.89579869
5.0278  -524.84199645
5.0500  -524.91690767
5.0722  -524.78778615
5.0944  -524.79971403
5.1166  -524.77277130
5.1389  -525.08203519
5.1611  -524.85731336
5.1833  -524.93454436
5.2055  -525.17530861
5.2277  -525.26236627
5.2499  -525.22693224
5.2722  -525.42273566
5.2944  -525.33618245
5.3166  -525.25599279
5.3388  -525.44272046
5.3610  -525.31644119
5.3832  -525.17984055
5.4055  -525.63126440
5.4277  -525.35958877
5.4499  -525.31862663
5.4721  -525.45287191
5.4943  -525.48484775
5.5166  -525.32895741
5.5388  -525.39951902
5.5610  -525.34498880
5.5832  -525.01792757
5.6054  -525.14630171
5.6276  -525.04886823
5.6499  -524.98624962
5.6721  -525.17310199
5.6943  -525.27939233
5.7165  -525.19703245
5.7387  -525.48224082
5.7609  -525.44218874
5.7832  -525.42725321
5.8054  -525.53305271
5.8276  -525.52866614
5.8498  -525.46344211
5.8720  -525.37122475
5.8942  -525.42333187
5.9165  -525.23088341
5.9387  -525.11825741
5.9609  -525.16388045
5.9831  -525.11718883
6.0053  -525.12482180
6.0275  -525.30186938
6.0498  -525.32500915
6.0720  -525.43319318
6.0942  -525.59742727
6.1164  -525.69811026
6.1386  -525.51733436
6.1609  -525.61189975
6.1831  -525.62269642
6.2053  -525.30541558
6.2275  -525.51330568
6.2497  -525.60667370
6.2719  -525.40118062
6.2942  -525.51196742
6.3164  -525.45737872
6.3386  -525.31122563
6.3608  -525.21952747
6.3830  -525.38271661
6.4052  -525.07395959
6.4275  -525.02661927
6.4497  -525.29670237
6.4719  -524.96174563
6.4941  -525.03500371
6.5163  -525.24939793
6.5385  -524.92642346
6.5608  -525.07134243
6.5830  -525.06806759
6.6052  -525.01171289
6.6274  -525.07761966
6.6496  -524.97457318
6.6719  -525.03818850
6.6941  -524.90768054
6.7163  -524.84956753
6.7385  -524.53458134
6.7607  -524.36313736
6.7829  -524.41637029
6.8052  -524.28347132
6.8274  -524.40064975
6.8496  -524.27908208
6.8718  -524.21783406
6.8940  -524.19777469
6.9162  -524.03065452
6.9385  -524.14104606
6.9607  -523.95795952
6.9829  -523.98540054
7.0051  -524.12125004
7.0273  -524.36529210
7.0495  -524.52598336
7.0718  -524.56969765
7.0940  -524.56254638
7.1162  -524.67315078
7.1384  -524.60556749
7.1606  -524.50279666
7.1828  -524.29638257
7.2051  -524.14130414
7.2273  -524.03538178
7.2495  -523.92684111
7.2717  -523.93981749
7.2939  -524.07500164
7.3162  -524.26014375
7.3384  -524.55505272
7.3606  -524.37914450
7.3828  -524.46618158
7.4050  -524.62266595
7.4272  -524.54334537
7.4495  -524.38870091
7.4717  -524.59869779
7.4939  -524.49902061
7.5161  -524.52756847
7.5383  -524.67124991
7.5605  -524.69040309
7.5828  -524.42334245
7.6050  -524.16408906
7.6272  -523.95147076
7.6494  -523.82324617
7.6716  -523.89662661
7.6938  -523.80294017
7.7161  -523.52255088
7.7383  -523.32593665
7.7605  -523.34042765
7.7827  -523.27774239
7.8049  -523.26478203
7.8271  -523.44257434
7.8494  -523.45510535
7.8716  -523.29535962
7.8938  -523.23513478
7.9160  -523.08126720
7.9382  -523.10460313
7.9605  -523.06694526
7.9827  -523.08917214
8.0049  -522.99324264
8.0271  -523.31278989
8.0493  -523.50540132
8.0715  -523.09757867
8.0938  -523.14047647
8.1160  -523.18055981
8.1382  -522.85848543
8.1604  -522.91157453
8.1826  -522.85397496
8.2048  -522.74873417
8.2271  -523.20163636
8.2493  -523.31595934
8.2715  -523.27208724
8.2937  -523.39416198
8.3159  -523.35881109
8.3381  -523.12279341
8.3604  -523.19580133
8.3826  -523.35680114
8.4048  -523.13592802
8.4270  -523.35361645
8.4492  -523.36617296
8.4715  -523.18353321
8.4937  -523.36810616
8.5159  -523.49718827
8.5381  -523.45999890
8.5603  -523.34473318
8.5825  -523.23024880
8.6048  -523.31072544
8.6270  -523.37267224
8.6492  -523.30926599
8.6714  -523.55351478
8.6936  -523.57205781
8.7158  -523.80516765
8.7381  -523.90319756
8.7603  -523.82681194
8.7825  -523.89477138
8.8047  -523.95717304
8.8269  -523.93780409
8.8491  -523.94038929
8.8714  -524.08575441
8.8936  -523.98985564
8.9158  -523.83722082
8.9380  -523.94953855
8.9602  -523.72720875
8.9824  -523.81089758
9.0047  -524.03168006
9.0269  -523.98137922
9.0491  -523.74729548
9.0713  -523.86865023
9.0935  -523.69880188
9.1158  -523.43490861
9.1380  -523.63199519
9.1602  -523.39911893
9.1824  -523.32556944
9.2046  -523.61723570
9.2268  -523.67180694
9.2491  -523.47194332
9.2713  -523.72350148
9.2935  -523.51788244
9.3157  -523.21660588
9.3379  -523.13228481
9.3601  -523.03444301
9.3824  -522.79987973
9.4046  -522.97864304
9.4268  -522.83213615
9.4490  -522.80443426
9.4712  -523.03442918
9.4934  -523.06222426
9.5157  -522.92670736
9.5379  -523.05368486
9.5601  -522.95737758
9.5823  -522.90511193
9.6045  -522.79707748
9.6267  -522.74666636
9.6490  -522.91718598
9.6712  -522.92563778
9.6934  -522.85331264
9.7156  -522.86412418
9.7378  -522.85119641
9.7601  -522.79856840
9.7823  -522.68067966
9.8045  -522.59489337
9.8267  -522.63018511
9.8489  -522.54852490
9.8711  -522.52412025
9.8934  -522.46411258
9.9156  -522.36959998
9.9378  -522.14986649
9.9600  -522.23314814
9.9822  -522.43113710
10.0044  -522.21141031
10.0267  -522.34322871
10.0489  -522.44716477
10.0711  -522.23933324
10.0933  -522.52832810
10.1155  -522.72460889
10.1377  -522.61295562
10.1600  -522.53833973
10.1822  -522.65165033
10.2044  -522.50222603
10.2266  -522.38442780
10.2488  -522.70643262
10.2711  -522.43386186
10.2933  -522.33984347
10.3155  -522.62341581
10.3377  -522.50820374
10.3599  -522.51089268
10.3821  -522.56110213
10.4044  -522.51979659
10.4266  -522.46243261
10.4488  -522.30594279
10.4710  -522.15204963
10.4932  -522.01514341
10.5154  -522.06446489
10.5377  -522.04422394
10.5599  -522.13699632
10.5821  -522.14064620
10.6043  -522.23790751
10.6265  -521.96895400
10.6487  -521.77067794
10.6710  -521.61647524
10.6932  -521.22761479
10.7154  -520.98693928
10.7376  -520.99491802
10.7598  -520.76621135
10.7820  -520.72254903
10.8043  -520.91531367
10.8265  -520.85297905
10.8487  -520.91518297
10.8709  -520.95765134
10.8931  -521.00755545
10.9154  -521.09472041
10.9376  -521.08367360
10.9598  -520.99728309
10.9820  -520.97743974
11.0042  -521.19704645
11.0264  -521.04394400
11.0487  -521.29140322
11.0709  -521.73602883
11.0931  -521.86757249
11.1153  -521.95536049
11.1375  -521.89703803
11.1597  -522.00529132
11.1820  -521.92178095
11.2042  -522.08268053
11.2264  -522.14364201
11.2486  -522.22086265
11.2708  -522.51706700
11.2930  -522.82248859
11.3153  -522.63720467
11.3375  -522.65225474
11.3597  -522.71759350
11.3819  -522.55038763
11.4041  -522.69158924
11.4263  -522.97434191
11.4486  -522.83656446
11.4708  -522.91835943
11.4930  -522.92725245
11.5152  -522.83201213
11.5374  -522.69084044
11.5597  -522.86897633
11.5819  -522.79896210
11.6041  -522.57834483
11.6263  -522.57527714
11.6485  -522.59149996
11.6707  -522.54456148
11.6930  -522.61229717
11.7152  -522.76954346
11.7374  -522.59728411
11.7596  -522.69029708
11.7818  -522.74172792
11.8040  -522.36947186
11.8263  -522.32569985
11.8485  -522.47979225
11.8707  -522.00758592
11.8929  -522.22040865
11.9151  -522.36935750
11.9373  -522.10354568
11.9596  -522.15831858
11.9818  -522.45702139
12.0040  -522.03799353
12.0262  -522.14390892
12.0484  -522.50138340
12.0707  -522.40145634
12.0929  -522.40122924
12.1151  -522.64434963
12.1373  -522.40616458
12.1595  -522.12765899
12.1817  -522.13044101
12.2040  -522.06774584
12.2262  -522.04101629
12.2484  -522.14099350
12.2706  -522.30763525
12.2928  -522.36109639
12.3150  -522.36806479
12.3373  -522.25937859
12.3595  -522.25811608
12.3817  -522.09190375
12.4039  -522.15386492
12.4261  -522.00829645
12.4483  -521.88896465
12.4706  -521.95982955
12.4928  -521.71123370
12.5150  -521.67770834
12.5372  -521.77896559
12.5594  -521.59645368
12.5816  -521.55588694
12.6039  -521.73014294
12.6261  -521.60660781
12.6483  -521.52339540
12.6705  -521.80245961
12.6927  -521.77856180
12.7150  -521.78398447
12.7372  -521.89716759
12.7594  -521.93187085
12.7816  -521.93580330
12.8038  -522.28585968
12.8260  -522.23183442
12.8483  -522.27179980
12.8705  -522.84437848
12.8927  -522.65104542
12.9149  -522.58970493
12.9371  -523.00771896
12.9593  -522.88559740
12.9816  -522.72195187
13.0038  -522.92228598
13.0260  -522.69730593
13.0482  -522.41302054
13.0704  -522.54872553
13.0926  -522.74485993
13.1149  -522.63544200
13.1371  -522.76140436
13.1593  -522.90247819
13.1815  -522.88211130
13.2037  -522.90767483
13.2259  -522.95814855
13.2482  -523.02213498
13.2704  -522.94349234
13.2926  -523.24983326
13.3148  -523.05019959
13.3370  -523.09612642
13.3593  -523.28244893
13.3815  -523.27965495
13.4037  -523.42973007
13.4259  -523.36472701
13.4481  -523.24567417
13.4703  -523.14044529
13.4926  -523.06217866
13.5148  -522.91862365
13.5370  -522.50088195
13.5592  -522.37683995
13.5814  -522.43749893
13.6036  -522.31297868
13.6259  -522.45909096
13.6481  -522.57255597
13.6703  -522.62911384
13.6925  -522.80918135
13.7147  -522.91279269
13.7369  -522.79358897
13.7592  -522.74479774
13.7814  -522.97916093
13.8036  -522.78027740
13.8258  -522.84094222
13.8480  -523.00548512
13.8703  -522.85989053
13.8925  -522.79995805
13.9147  -522.94241243
13.9369  -522.66643266
13.9591  -522.65865854
13.9813  -522.75687260
14.0036  -522.68393565
14.0258  -522.53982907
14.0480  -522.69966328
14.0702  -522.51038380
14.0924  -522.43891504
14.1146  -522.66326212
14.1369  -522.41773429
14.1591  -522.41890116
14.1813  -522.38305227
14.2035  -522.22481080
14.2257  -522.36282672
14.2479  -522.44040474
14.2702  -522.28373436
14.2924  -522.39634757
14.3146  -521.96795147
14.3368  -522.08191526
14.3590  -521.69940151
14.3812  -521.76220525
14.4035  -521.87574572
14.4257  -521.77019630
14.4479  -521.67609667
14.4701  -521.89738573
14.4923  -521.61952664
14.5146  -521.67447425
14.5368  -521.85815139
14.5590  -521.74030204
14.5812  -521.43694585
14.6034  -521.54229190
14.6256  -521.35451287
14.6479  -521.22403701
14.6701  -521.41148432
14.6923  -521.33243795
14.7145  -521.10306321
14.7367  -521.15992108
14.7589  -521.00300492
14.7812  -520.90632085
14.8034  -520.92950571
14.8256  -521.19788581
14.8478  -520.99936505
14.8700  -521.05839698
14.8922  -521.29130561
14.9145  -520.96300302
14.9367  -521.09393014
14.9589  -521.18234482
14.9811  -521.04331709
15.0033  -521.35772963
15.0255  -521.43912693
15.0478  -521.33786950
15.0700  -521.50357757
15.0922  -521.52104087
15.1144  -521.43768617
15.1366  -521.49244769
15.1589  -521.51292363
15.1811  -521.40443501
15.2033  -521.35330754
15.2255  -521.33861503
15.2477  -521.42876875
15.2699  -521.70898777
15.2922  -521.67734688
15.3144  -521.88610587
15.3366  -521.81774172
15.3588  -521.72331223
15.3810  -521.61386976
15.4032  -521.63802163
15.4255  -521.53849987
15.4477  -521.76738725
15.4699  -522.06050733
15.4921  -522.10354809
15.5143  -522.31936589
15.5365  -522.24549461
15.5588  -522.43915321
15.5810  -522.44481431
15.6032  -522.31896712
15.6254  -522.19342085
15.6476  -522.15058048
15.6699  -522.14180534
15.6921  -522.02987148
15.7143  -522.08401717
15.7365  -521.94399178
15.7587  -521.98118531
15.7809  -522.22906363
15.8032  -522.22664739
15.8254  -522.02669962
15.8476  -522.43091949
15.8698  -522.29828583
15.8920  -522.02251201
15.9142  -522.16705905
15.9365  -522.22355013
15.9587  -522.12249746
15.9809  -522.26774426
16.0031  -522.31671903
16.0253  -522.09084242
16.0475  -522.13881501
16.0698  -522.31897160
16.0920  -522.02748338
16.1142  -522.09349982
16.1364  -522.33427077
16.1586  -522.05278355
16.1808  -522.04340322
16.2031  -522.18718996
16.2253  -522.26050215
16.2475  -522.32676042
16.2697  -522.52322096
16.2919  -522.63753462
16.3142  -522.60506529
16.3364  -522.54888508
16.3586  -522.49590409
16.3808  -522.42746963
16.4030  -522.44410663
16.4252  -522.47755764
16.4475  -522.47616661
16.4697  -522.36254508
16.4919  -522.43419504
16.5141  -522.22978483
16.5363  -522.25096822
16.5585  -522.10908619
16.5808  -522.15924335
16.6030  -522.20450229
16.6252  -522.23840194
16.6474  -522.36031866
16.6696  -522.79829204
16.6918  -523.00311365
16.7141  -522.87267369
16.7363  -522.94619732
16.7585  -523.25783189
16.7807  -523.19351778
16.8029  -523.06302922
16.8251  -523.33549373
16.8474  -523.17598299
16.8696  -523.16137772
16.8918  -523.70102007
16.9140  -523.56930767
16.9362  -523.49397051
16.9585  -523.78990250
16.9807  -523.54300999
17.0029  -523.37658641
17.0251  -523.47219850
17.0473  -523.13165232
17.0695  -522.91370121
17.0918  -523.09410890
17.1140  -522.85852420
17.1362  -522.70910068
17.1584  -522.95748610
17.1806  -522.76689144
17.2028  -522.68996479
17.2251  -522.70885225
17.2473  -522.52251620
17.2695  -522.49708580
17.2917  -522.38983327
17.3139  -522.30900386
17.3361  -522.27378438
17.3584  -522.15824765
17.3806  -522.14495734
17.4028  -522.26364139
17.4250  -522.18645364
17.4472  -522.31885357
17.4695  -522.22620828
17.4917  -522.13265126
17.5139  -522.15879485
17.5361  -522.04217318
17.5583  -521.67932017
17.5805  -521.73679788
17.6028  -521.61926748
17.6250  -521.37053907
17.6472  -521.08913851
17.6694  -520.42012308
17.6916  -518.86122593
17.7138  -516.78439741
17.7361  -513.60085092
17.7583  -508.64759231
17.7805  -502.60135593
17.8027  -495.03839086
17.8249  -485.21258823
17.8471  -473.41040397
17.8694  -460.42930159
17.8916  -446.64860944
17.9138  -432.46444543
17.9360  -417.90347926
17.9582  -402.85810912
17.9804  -386.95178334
18.0027  -370.38350621
18.0249  -353.14892426
18.0471  -335.25141745
18.0693  -317.55255192
18.0915  -300.49660849
18.1138  -283.79055136
18.1360  -268.01773992
18.1582  -253.15650254
18.1804  -238.30722596
18.2026  -224.04911290
18.2248  -209.73687014
18.2471  -195.27851149
18.2693  -180.75447512
18.2915  -166.07032520
18.3137  -151.25362295
18.3359  -137.12599521
18.3581  -123.65437113
18.3804  -111.00658991
18.4026  -99.69140677
18.4248  -89.35458634
18.4470  -79.86088251
18.4692  -71.57031676
18.4914  -64.15751789
18.5137  -57.52105796
18.5359  -52.34000024
18.5581  -47.87877420
18.5803  -43.80120363
18.6025  -40.34044841
18.6247  -37.37290617
18.6470  -34.43961173
18.6692  -31.93214823
18.6914  -29.70663512
18.7136  -27.40463694
18.7358  -25.34841456
18.7581  -23.77852559
18.7803  -22.24967521
18.8025  -21.02665716
18.8247  -19.88693383
18.8469  -18.86989762
18.8691  -17.84827978
18.8914  -16.99471559
18.9136  -15.81927895
18.9358  -14.91013188
18.9580  -14.18740732
18.9802  -13.43784263
19.0024  -12.57142389
19.0247  -11.82594391
19.0469  -11.51855500
19.0691  -10.68608531
19.0913  -10.10317703
19.1135   -9.47896237
19.1357   -8.73766274
19.1580   -8.04982690
19.1802   -7.59521530
19.2024   -7.02174929
19.2246   -6.50172467
19.2468   -5.96338375
19.2691   -5.57178626
19.2913   -4.88275053
19.3135   -4.48929615
19.3357   -3.87907110
19.3579   -3.49502818
19.3801   -3.05273610
19.4024   -2.49398927
19.4246   -2.28023183
19.4468   -2.05048411
19.4690   -1.68375365
19.4912   -1.33726818
19.5134   -1.11958847
19.5357   -0.79330471
19.5579   -0.24917693
19.5801   -0.13290473
19.6023    0.11870574
19.6245    0.35363777
19.6467    0.32787636
19.6690    0.38788577
19.6912    0.74076816
19.7134    0.74595737
19.7356    0.81029406
19.7578    1.06177286
19.7800    1.11793354
19.8023    1.17094693
19.8245    1.37775005
19.8467    1.27155651
19.8689    1.23993028
19.8911    1.44998271
19.9134    1.42503091
19.9356    1.34232325
19.9578    1.60892485
19.9800    1.48275455
20.0022    1.34091794
20.0244    1.33815263
20.0467    1.12907132
20.0689    1.12936936
20.0911    1.24075106
20.1133    1.25399424
20.1355    1.33534791
20.1577    1.47571732
20.1800    1.63546529
20.2022    1.82996905
20.2244    1.86950552
20.2466    1.77900051
20.2688    1.94162540
20.2910    2.07554573
20.3133    2.13328378
20.3355    2.10617770
20.3577    1.96815252
20.3799    2.13163495
20.4021    1.91230143
20.4244    1.97389548
20.4466    2.10476846
20.4688    2.02612432
20.4910    2.03159445
20.5132    1.97320065
20.5354    2.04474241
20.5577    1.99886758
20.5799    2.16634242
20.6021    2.34534681
20.6243    2.08185515
20.6465    2.14847395
20.6687    2.14814145
20.6910    2.16474237
20.7132    2.36802202
20.7354    2.37081430
20.7576    2.46644042
20.7798    2.52729355
20.8020    2.46715008
20.8243    2.31214012
20.8465    2.07589315
20.8687    2.14191413
20.8909    2.01430129
20.9131    1.76844800
20.9353    1.68560143
20.9576    1.91895326
20.9798    2.02825116
21.0020    2.13480775
21.0242    2.36510235
21.0464    2.19797902
21.0687    1.96016176
21.0909    2.12949910
21.1131    1.78840707
21.1353    1.67635479
21.1575    1.83567372
21.1797    1.73936451
21.2020    1.84792684
21.2242    2.17922348
21.2464    1.96645166
21.2686    1.99917242
21.2908    2.40553458
21.3130    2.01281238
21.3353    1.94228778
21.3575    2.10972703
21.3797    1.85819140
21.4019    1.68165937
21.4241    1.91156359
21.4463    1.51893725
21.4686    1.62130679
21.4908    1.90078183
21.5130    1.58522440
21.5352    1.72610123
21.5574    2.04250943
21.5796    1.88282754
21.6019    2.00993342
21.6241    2.18495331
21.6463    1.92285609
21.6685    1.69939945
21.6907    1.71036973
21.7130    1.41819915
21.7352    1.37453649
21.7574    1.39426724
21.7796    1.23848241
21.8018    1.17990231
21.8240    1.23890951
21.8463    1.17822776
21.8685    1.06701569
21.8907    1.08017221
21.9129    1.10765990
21.9351    1.20918146
21.9573    1.14054529
21.9796    1.48956534
22.0018    1.50932514
22.0240    1.27893145
22.0462    1.35895982
22.0684    1.20075513
22.0906    0.95649588
22.1129    1.14140578
22.1351    1.16902054
22.1573    0.97420275
22.1795    1.13755837
22.2017    1.00603931
22.2240    0.69656477
22.2462    0.77984406
22.2684    0.72319066
22.2906    0.46162106
22.3128    0.57743451
22.3350    0.59872690
22.3573    0.41282020
22.3795    0.56118681
22.4017    0.78075703
22.4239    0.70028906
22.4461    0.78327183
22.4683    0.94805259
22.4906    0.83751292
22.5128    0.95393368
22.5350    0.91856767
22.5572    0.67453087
22.5794    0.82329676
22.6016    0.77869800
22.6239    0.62393537
22.6461    0.67141057
22.6683    0.60499975
22.6905    0.44439388
22.7127    0.31446773
22.7349    0.39489540
22.7572    0.29954658
22.7794    0.40973246
22.8016    0.31654076
22.8238    0.41595375
22.8460    0.35126182
22.8683    0.60532848
22.8905    0.86643584
22.9127    0.91971816
22.9349    1.11174708
22.9571    1.45131586
22.9793    1.55077735
23.0016    1.63603535
23.0238    1.72186078
23.0460    1.62176275
23.0682    1.39147464
23.0904    1.63964091
23.1126    1.31413389
23.1349    1.28615316
23.1571    1.44302320
23.1793    1.31478184
23.2015    0.99685762
23.2237    1.15757810
23.2459    0.84636942
23.2682    0.86960928
23.2904    0.95997249
23.3126    0.87354596
23.3348    0.73177569
23.3570    1.01250594
23.3792    0.91003960
23.4015    0.76718896
23.4237    0.81130671
23.4459    0.42450251
23.4681    0.27734327
23.4903    0.21915126
23.5126    0.21440779
23.5348    0.06331322
23.5570    0.33881896
23.5792    0.29937254
23.6014    0.24134953
23.6236    0.27821504
23.6459    0.15369598
23.6681   -0.15224143
23.6903   -0.07056422
23.7125   -0.14712544
23.7347   -0.38754331
23.7569   -0.46090093
23.7792   -0.31362991
23.8014   -0.57632300
23.8236   -0.45488399
23.8458   -0.24587012
23.8680   -0.35615168
23.8902   -0.40455940
23.9125   -0.29907598
23.9347   -0.26277385
23.9569   -0.40734652
23.9791   -0.20286814
24.0013   -0.14002284
24.0236   -0.16889243
24.0458    0.00991224
24.0680    0.19718693
24.0902    0.00000000
24.1124    0.23715538
24.1346    0.22746146
24.1569    0.36379437
24.1791    0.51552530
24.2013    0.43582936
24.2235    0.26367217
24.2457    0.43057720
24.2679    0.52080217
24.2902    0.43047488
24.3124    0.67102219
24.3346    0.69504784
24.3568    0.61554625
24.3790    0.70306267
24.4012    0.75403485
24.4235    0.50622933
24.4457    0.50519174
24.4679    0.36853819
24.4901    0.32153751
24.5123    0.19072488
24.5345    0.12111595
24.5568   -0.03603859
24.5790    0.01123233
24.6012   -0.15849829
24.6234   -0.03129766
24.6456   -0.32672306
24.6679   -0.15301671
24.6901    0.01456044
24.7123    0.01496447
24.7345   -0.13277591
24.7567    0.08141855
24.7789   -0.14255365
24.8012   -0.17505062
24.8234   -0.23150561
24.8456   -0.28653213
24.8678   -0.47927156
24.8900   -0.50385020
24.9122   -0.45380539
24.9345   -0.44697533
24.9567   -0.53470948
24.9789   -0.37001458
25.0011   -0.48823382
25.0233   -0.30102153
25.0455   -0.41241085
25.0678   -0.40130050
25.0900   -0.31798116
25.1122   -0.31703343
25.1344   -0.38978158
25.1566   -0.05438854
25.1788   -0.14428029
25.2011   -0.16205497
25.2233   -0.14457707
25.2455    0.02189519
25.2677   -0.04478684
25.2899    0.18548420
25.3122    0.23603597
25.3344    0.22169583
25.3566    0.34218018
25.3788    0.21547092
25.4010    0.23371402
25.4232    0.09974632
25.4455    0.21504585
25.4677    0.19692781
25.4899    0.32628256
25.5121    0.50427459
25.5343    0.43873867
25.5565    0.48129163
25.5788    0.47239072
25.6010    0.13991144
25.6232    0.01072842
25.6454   -0.00104343
25.6676   -0.16218079
25.6898   -0.32668898
25.7121   -0.23159435
25.7343   -0.38397890
25.7565   -0.33778698
25.7787   -0.20762128
25.8009   -0.42052840
25.8232   -0.46988163
25.8454   -0.32736509
25.8676   -0.51311973
25.8898   -0.54980486
25.9120   -0.40719264
25.9342   -0.11679546
25.9565   -0.10973553
25.9787   -0.01310289
26.0009    0.09527576
26.0231    0.09540454
26.0453    0.06070841
26.0675   -0.02055017
26.0898   -0.14192535
26.1120   -0.36306949
26.1342   -0.03269480
26.1564   -0.22288284
26.1786   -0.09984989
26.2008    0.01445181
26.2231    0.09921922
26.2453    0.13454813
26.2675    0.35647310
26.2897    0.07133852
26.3119    0.01594826
26.3341    0.46753931
26.3564    0.35210182
26.3786    0.49151957
26.4008    0.66262678
26.4230    0.73143577
26.4452    0.58705550
26.4675    0.64413438
26.4897    0.42188071
26.5119    0.25604705
26.5341    0.51288847
26.5563    0.40162514
26.5785    0.38792640
26.6008    0.43438112
26.6230    0.32840034
26.6452    0.39190859
26.6674    0.64180371
26.6896    0.56457013
26.7118    0.48490536
26.7341    0.63984671
26.7563    0.48547658
26.7785    0.33955327
26.8007    0.15848605
26.8229    0.11589553
26.8451   -0.22252420
26.8674   -0.32679355
26.8896   -0.29567217
26.9118   -0.52048318
26.9340   -0.62155230
26.9562   -0.44259077
26.9784   -0.44727134
27.0007   -0.74300412
27.0229   -0.78622532
27.0451   -0.50675301
27.0673   -0.45336770
27.0895   -0.47695108
27.1118   -0.35389335
27.1340   -0.31271883
27.1562   -0.12399553
27.1784   -0.27144047
27.2006   -0.24943864
27.2228   -0.19916352
27.2451   -0.18666884
27.2673   -0.34977360
27.2895   -0.09156950
27.3117    0.09022240
27.3339    0.18400241
27.3561    0.27850176
27.3784    0.61140059
27.4006    0.44796534
27.4228    0.67053281
27.4450    0.89836028
27.4672    0.91749358
27.4894    0.77942329
27.5117    1.06564906
27.5339    1.12990776
27.5561    1.14821288
27.5783    1.27449712
27.6005    1.36510120
27.6228    1.25821746
27.6450    1.42064272
27.6672    1.32610779
27.6894    1.18792624
27.7116    1.48760578
27.7338    1.50589207
27.7561    1.58331967
27.7783    1.83630074
27.8005    1.73912368
27.8227    1.69036525
27.8449    1.68004693
27.8671    1.70708934
27.8894    1.43320380
27.9116    1.43167883
27.9338    1.44464960
27.9560    1.01675476
27.9782    1.04774599
28.0004    1.26381654
28.0227    1.13052737
28.0449    1.02639572
28.0671    1.01872509
28.0893    0.81360654
28.1115    0.93893320
28.1337    1.01078270
28.1560    0.87512148
28.1782    0.87432002
28.2004    1.07656992
28.2226    0.82149454
28.2448    0.88880707
28.2671    1.10467893
28.2893    0.85375593
28.3115    0.92776992
28.3337    1.11662158
28.3559    1.15172500
28.3781    1.07006493
28.4004    1.05240890
28.4226    1.21588843
28.4448    1.22999597
28.4670    1.31801596
28.4892    1.29500809
28.5114    1.45179536
28.5337    1.40139021
28.5559    1.81016944
28.5781    1.89086139
28.6003    1.96440534
28.6225    2.18189058
28.6447    2.15588675
28.6670    1.94763573
28.6892    2.16342771
28.7114    2.23184759
28.7336    2.10390150
28.7558    2.33944176
28.7780    2.23777005
28.8003    2.05778220
28.8225    2.27234615
28.8447    2.12220743
28.8669    1.90229921
28.8891    2.08806028
28.9114    1.93489446
28.9336    1.70430577
28.9558    1.71725504
28.9780    1.74736877
29.0002    1.55268990
29.0224    1.57612840
29.0447    1.66522056
29.0669    1.41512636
29.0891    1.54681595
29.1113    1.66348350
29.1335    1.79780924
29.1557    1.97071697
29.1780    2.09320761
29.2002    2.19319831
29.2224    2.34934294
29.2446    2.60503226
29.2668    2.61589088
29.2890    2.49993471
29.3113    2.83540718
29.3335    2.75562149
29.3557    2.80406986
29.3779    2.78412886
29.4001    2.82625826
29.4224    2.71680702
29.4446    2.83662052
29.4668    2.73407529
29.4890    2.56349640
29.5112    2.73017211
29.5334    2.64321142
29.5557    2.40618677
29.5779    2.06431708
29.6001    1.81077214
29.6223    1.42899828
29.6445    1.03559965
29.6667    0.65281836
29.6890   -0.27458049
29.7112   -1.29136956
29.7334   -2.16539965
29.7556   -3.53022527
29.7778   -4.35712715
29.8000   -5.18001237
29.8223   -5.98031144
29.8445   -6.95468954
29.8667   -7.50976859
29.8889   -8.23196486
29.9111   -8.67212534
29.9333   -8.95115192
29.9556   -9.62062060
29.9778  -10.29639562
30.0000  -10.77499188
30.0222  -11.48095651
30.0444  -12.41255897
30.0667  -13.06709327
30.0889  -14.05140799
30.1111  -15.29141522
30.1333  -16.58075689
30.1555  -17.96026771
30.1777  -19.76853731
30.2000  -21.46264126
30.2222  -23.64712163
30.2444  -26.11606944
30.2666  -28.77259142
30.2888  -31.46460796
30.3110  -34.74913494
30.3333  -37.94737593
30.3555  -41.12470806
30.3777  -44.73607812
30.3999  -48.76086473
30.4221  -52.71342020
30.4443  -57.08101314
30.4666  -61.62749700
30.4888  -65.30611933
30.5110  -69.05479790
30.5332  -72.93956694
30.5554  -76.06927095
30.5776  -79.72528457
30.5999  -83.47158506
30.6221  -86.65612612
30.6443  -90.30463941
30.6665  -94.16455885
30.6887  -97.86203409
30.7110  -102.13096906
30.7332  -107.06840407
30.7554  -111.67116442
30.7776  -117.14635744
30.7998  -122.94688000
30.8220  -128.97642930
30.8443  -134.91811362
30.8665  -140.61722801
30.8887  -145.55734287
30.9109  -150.46181099
30.9331  -155.29459107
30.9553  -159.39136524
30.9776  -163.54147856
30.9998  -167.57307312
31.0220  -171.71534732
31.0442  -176.20859029
31.0664  -182.03355303
31.0886  -189.17791889
31.1109  -197.18585194
31.1331  -207.02338335
31.1553  -218.02384098
31.1775  -230.12113087
31.1997  -244.48894686
31.2220  -260.43562750
31.2442  -277.43194544
31.2664  -295.28427290
31.2886  -314.45459776
31.3108  -332.31739576
31.3330  -349.84232587
31.3553  -367.10634510
31.3775  -384.02924378
31.3997  -401.98001310
31.4219  -420.68685498
31.4441  -439.80782158
31.4663  -458.13072808
31.4886  -473.07506011
31.5108  -484.88738255
31.5330  -492.49730543
31.5552  -498.27919494
31.5774  -503.28007462
31.5996  -507.71058974
31.6219  -511.08384468
31.6441  -514.03688531
31.6663  -516.28031728
31.6885  -518.24905308
31.7107  -519.79676073
31.7329  -520.62178175
31.7552  -521.53485313
31.7774  -522.33631303
31.7996  -522.71442590
31.8218  -523.30551160
31.8440  -523.99827887
31.8663  -524.24111361
31.8885  -524.75738434
31.9107  -525.18501869
31.9329  -525.08957803
31.9551  -525.20531058
31.9773  -525.37655538
31.9996  -525.01331917
32.0218  -525.22529059
32.0440  -525.32931584
32.0662  -525.41487225
32.0884  -525.34649200
32.1106  -525.52602272
32.1329  -525.45045702
32.1551  -525.43998686
32.1773  -525.47369048
32.1995  -525.25390023
32.2217  -524.92843660
32.2439  -525.13177761
32.2662  -525.11180854
32.2884  -525.20770466
32.3106  -525.33990371
32.3328  -525.27520575
32.3550  -525.49606824
32.3772  -525.52358941
32.3995  -525.56687473
32.4217  -525.65666811
32.4439  -525.70521228
32.4661  -525.45836646
32.4883  -525.43756954
32.5106  -525.40566584
32.5328  -525.51736714
32.5550  -525.82918750
32.5772  -525.73704488
32.5994  -525.98986615
32.6216  -526.16171309
32.6439  -526.09159526
32.6661  -526.20140715
32.6883  -526.35372788
32.7105  -525.96756404
32.7327  -526.36688719
32.7549  -526.37688499
32.7772  -526.31818608
32.7994  -526.31101126
32.8216  -526.21742405
32.8438  -526.10118927
32.8660  -526.27205251
32.8882  -526.24885486
32.9105  -526.19197284
32.9327  -526.27503602
32.9549  -526.45674468
32.9771  -526.08509283
32.9993  -526.56372023
33.0216  -526.74956506
33.0438  -526.40326900
33.0660  -526.58034699
33.0882  -526.58540619
33.1104  -526.33855366
33.1326  -526.43328318
33.1549  -526.59014722
33.1771  -526.45488141
33.1993  -526.58563934
33.2215  -526.71690272
33.2437  -526.36137338
33.2659  -526.31588621
33.2882  -525.89351736
33.3104  -524.57230747
33.3326  -522.80896902
33.3548  -519.98871522
33.3770  -515.78973380
33.3992  -510.04766362
33.4215  -502.52501968
33.4437  -492.91256114
33.4659  -481.55979444
33.4881  -469.73738518
33.5103  -457.41692869
33.5325  -445.21044909
33.5548  -433.40036276
33.5770  -421.16567359
33.5992  -408.69868370
33.6214  -396.18252753
33.6436  -383.45553738
33.6659  -370.87191904
33.6881  -358.83312502
33.7103  -347.18237374
33.7325  -335.97375519
33.7547  -325.22144263
33.7769  -314.73221338
33.7992  -304.16104119
33.8214  -293.54129756
33.8436  -282.68887830
33.8658  -271.32907845
33.8880  -259.27556020
33.9102  -246.76824930
33.9325  -234.25961142
33.9547  -221.26936230
33.9769  -208.42918612
33.9991  -195.76081983
34.0213  -182.91115014
34.0435  -170.31959405
34.0658  -157.84219704
34.0880  -145.61517598
34.1102  -133.84036204
34.1324  -122.71842510
34.1546  -111.94586133
34.1768  -101.95251281
34.1991  -92.55544472
34.2213  -83.86837712
34.2435  -75.97999592
34.2657  -68.85213504
34.2879  -62.27950918
34.3102  -56.44416535
34.3324  -51.75760325
34.3546  -47.50002192
34.3768  -43.82977631
34.3990  -41.12982064
34.4212  -38.50290405
34.4435  -36.77854193
34.4657  -34.84915813
34.4879  -33.23782557
34.5101  -31.68651362
34.5323  -29.96087200
34.5545  -28.46931233
34.5768  -26.64930869
34.5990  -24.49273955
34.6212  -22.70504484
34.6434  -20.35145199
34.6656  -18.76683808
34.6878  -17.18364474
34.7101  -15.53167890
34.7323  -14.53509879
34.7545  -13.38643292
34.7767  -12.23172370
34.7989  -11.39714003
34.8212  -10.62292508
34.8434   -9.75148390
34.8656   -8.97450675
34.8878   -8.31545140
34.9100   -7.37659445
34.9322   -6.92103995
34.9545   -6.44941685
34.9767   -5.62586173
34.9989   -5.04378417
35.0211   -4.72143187
35.0433   -4.21742992
35.0655   -3.78333826
35.0878   -3.32571463
35.1100   -2.94136520
35.1322   -2.47928405
35.1544   -2.14547118
35.1766   -1.83972066
35.1988   -1.68136837
35.2211   -1.29649417
35.2433   -1.05896775
35.2655   -0.74708614
35.2877   -0.53856806
35.3099   -0.38929923
35.3321   -0.05777150
35.3544    0.21987406
35.3766    0.20730440
35.3988    0.68035483
35.4210    0.58546289
35.4432    0.63589889
35.4655    1.07494980
35.4877    1.32653425
35.5099    1.21799392
35.5321    1.47665643
35.5543    1.35338401
35.5765    1.21594972
35.5988    1.23110669
35.6210    1.27945310
35.6432    1.04143629
35.6654    1.06173857
35.6876    1.12433415
35.7098    0.88660452
35.7321    1.15209675
35.7543    1.50271555
35.7765    1.25508518
35.7987    1.47174845
35.8209    1.47864377
35.8431    1.28034313
35.8654    1.23432530
35.8876    1.13741896
35.9098    1.05338651
35.9320    1.02592792
35.9542    0.98978728
35.9764    0.94763449
35.9987    0.83012759
36.0209    0.98709392
36.0431    1.02775639
36.0653    0.80690291
36.0875    0.97942659
36.1098    1.01688859
36.1320    0.76132828
36.1542    0.80942662
36.1764    0.99801505
36.1986    0.78593251
36.2208    0.73118554
36.2431    0.88129228
36.2653    0.72184046
36.2875    0.98365152
36.3097    1.21400293
36.3319    1.37198066
36.3541    1.54868583
36.3764    1.80385380
36.3986    1.68216083
36.4208    1.53072026
36.4430    1.74691831
36.4652    1.73213865
36.4874    1.71319660
36.5097    2.03794929
36.5319    1.87689456
36.5541    1.67513969
36.5763    1.79168014
36.5985    1.68872194
36.6208    1.52891857
36.6430    1.69455030
36.6652    1.49087717
36.6874    1.47206350
36.7096    1.69700358
36.7318    1.69145718
36.7541    1.53841810
36.7763    1.70715175
36.7985    1.47692149
36.8207    1.23686466
36.8429    1.11845616
36.8651    0.80030938
36.8874    0.77031229
36.9096    0.65288117
36.9318    0.59169477
36.9540    0.56642921
36.9762    0.55124360
36.9984    0.54112227
37.0207    0.30298246
37.0429    0.43288420
37.0651    0.40337056
37.0873    0.18096291
37.1095    0.15275898
37.1317    0.14157162
37.1540    0.17065187
37.1762    0.29598269
37.1984    0.45082138
37.2206    0.30136659
37.2428   -0.09877439
37.2651    0.10677209
37.2873    0.14439841
37.3095    0.21655360
37.3317    0.46172411
37.3539    0.43847225
37.3761    0.33180017
37.3984    0.54024959
37.4206    0.27183841
37.4428    0.03776612
37.4650    0.39322406
37.4872    0.55558016
37.5094    0.56509210
37.5317    0.75064621
37.5539    0.85111685
37.5761    0.87049014
37.5983    1.03536459
37.6205    1.07334249
37.6427    1.07281527
37.6650    1.37935790
37.6872    1.42502090
37.7094    1.44767659
37.7316    1.31905165
37.7538    1.32243530
37.7760    1.26243325
37.7983    0.89133091
37.8205    0.88123536
37.8427    0.85662753
37.8649    0.88328657
37.8871    1.02427018
37.9094    1.15534711
37.9316    1.16640304
37.9538    1.12767753
37.9760    1.22606670
37.9982    1.06515661
38.0204    1.06969601
38.0427    1.09515042
38.0649    0.90259694
38.0871    0.92323298
38.1093    1.05968522
38.1315    0.82481913
38.1537    1.04165270
38.1760    0.96092180
38.1982    0.79032788
38.2204    0.59526064
38.2426    0.48854365
38.2648    0.24000883
38.2870    0.32157694
38.3093    0.61029824
38.3315    0.60767859
38.3537    0.76937491
38.3759    0.99123918
38.3981    0.84544571
38.4204    0.83859516
38.4426    0.74857991
38.4648    0.59877584
38.4870    0.51619894
38.5092    0.47634617
38.5314    0.44974571
38.5537    0.41536027
38.5759    0.35060720
38.5981    0.42480143
38.6203    0.26891394
38.6425    0.40501560
38.6647    0.39873146
38.6870    0.25333746
38.7092    0.33052441
38.7314    0.41250223
38.7536    0.27787805
38.7758    0.52033917
38.7980    0.57066964
38.8203    0.24251121
38.8425    0.50204261
38.8647    0.47809376
38.8869    0.30359331
38.9091    0.39516275
38.9313    0.36438121
38.9536   -0.04812692
38.9758   -0.03488940
38.9980   -0.05960869
39.0202   -0.08796321
39.0424   -0.14477176
39.0647   -0.08898674
39.0869   -0.18829090
39.1091   -0.22762855
39.1313   -0.27036862
39.1535   -0.32270690
39.1757   -0.48290989
39.1980   -0.74743731
39.2202   -0.92148720
39.2424   -1.05454803
39.2646   -0.83263080
39.2868   -0.69239606
39.3090   -0.89216256
39.3313   -0.66511439
39.3535   -0.63815382
39.3757   -0.81661967
39.3979   -0.74524559
39.4201   -0.68496073
39.4423   -0.80315393
39.4646   -0.72469582
39.4868   -0.50712888
39.5090   -0.54689388
39.5312   -0.49579662
39.5534   -0.13622555
39.5756   -0.14801855
39.5979   -0.09135567
39.6201   -0.01535847
39.6423   -0.23389171
39.6645   -0.31363287
39.6867   -0.27964491
39.7090   -0.31067206
39.7312   -0.17456704
39.7534    0.01493275
39.7756    0.11974302
39.7978   -0.01325199
39.8200    0.17699789
39.8423    0.31827065
39.8645    0.28004063
39.8867    0.47481442
39.9089    0.52219045
39.9311    0.60196961
39.9533    0.42358950
39.9756    0.64106802
39.9978    0.57873775
40.0200    0.50458958
40.0422    0.51208425
40.0644    0.50321471
40.0866    0.17287527
40.1089    0.10915608
40.1311   -0.15534774
40.1533   -0.14401015
40.1755   -0.33950452
40.1977   -0.18997218
40.2200   -0.25122306
40.2422    0.00842279
40.2644   -0.11732844
40.2866   -0.22855239
40.3088   -0.20963939
40.3310   -0.56610581
40.3533   -0.99054358
40.3755   -0.85926912
40.3977   -1.11619602
40.4199   -1.32676009
40.4421   -1.29744356
40.4643   -1.15521618
40.4866   -1.35908427
40.5088   -1.34478563
40.5310   -1.50884723
40.5532   -1.85207078
40.5754   -1.84425248
40.5976   -2.06915239
40.6199   -2.48391081
40.6421   -2.53877888
40.6643   -2.52845876
40.6865   -2.74151319
40.7087   -2.65911518
40.7309   -2.98588223
40.7532   -3.32853125
40.7754   -3.74293919
40.7976   -3.74010495
40.8198   -4.63396430
40.8420   -4.66595855
40.8643   -4.85059939
40.8865   -5.17017970
40.9087   -5.13138939
40.9309   -5.30378524
40.9531   -5.33507657
40.9753   -5.51951533
40.9976   -5.79973665
41.0198   -5.95058058
41.0420   -6.14740790
41.0642   -6.39276451
41.0864   -6.56461380
41.1086   -6.76484930
41.1309   -7.08808934
41.1531   -7.17230965
41.1753   -7.27455837
41.1975   -7.58712698
41.2197   -7.53597299
41.2419   -7.95183555
41.2642   -8.34649046
41.2864   -8.39350270
41.3086   -8.98064220
41.3308   -9.51724966
41.3530   -9.65228128
41.3752  -10.38312687
41.3975  -10.88625024
41.4197  -11.10542008
41.4419  -11.70002866
41.4641  -12.21125535
41.4863  -12.50675058
41.5086  -13.33972006
41.5308  -14.02949421
41.5530  -14.50257828
41.5752  -15.23203250
41.5974  -16.29292509
41.6196  -16.93453060
41.6419  -18.31202488
41.6641  -19.76704163
41.6863  -21.00897062
41.7085  -22.60558319
41.7307  -24.41743372
41.7529  -26.38746935
41.7752  -28.50233236
41.7974  -30.86736501
41.8196  -33.32263419
41.8418  -36.19224109
41.8640  -38.94105202
41.8862  -41.98176803
41.9085  -45.15475199
41.9307  -48.41198999
41.9529  -51.96054993
41.9751  -55.74563676
41.9973  -59.98089395
42.0196  -64.93814715
42.0418  -69.90563187
42.0640  -74.93214963
42.0862  -80.34765659
42.1084  -85.30130195
42.1306  -90.23467201
42.1529  -95.12532777
42.1751  -99.47842039
42.1973  -104.14439486
42.2195  -109.31801475
42.2417  -114.74647689
42.2639  -120.38762013
42.2862  -127.04781959
42.3084  -133.92429312
42.3306  -140.69700256
42.3528  -147.58567409
42.3750  -153.49196202
42.3972  -159.02646319
42.4195  -164.74807309
42.4417  -169.91738857
42.4639  -174.84115673
42.4861  -179.06116459
42.5083  -182.76158870
42.5305  -186.85094823
42.5528  -192.04094521
42.5750  -198.24222303
42.5972  -205.95064966
42.6194  -215.33166744
42.6416  -226.75277786
42.6639  -239.40804120
42.6861  -253.74741842
42.7083  -269.26698768
42.7305  -286.02143080
42.7527  -303.74436182
42.7749  -322.22091435
42.7972  -340.86857630
42.8194  -358.72888357
42.8416  -377.06921803
42.8638  -395.54171312
42.8860  -413.75436411
42.9082  -432.77817356
42.9305  -450.70471306
42.9527  -465.27249947
42.9749  -477.56455485
42.9971  -486.35018930
43.0193  -492.96585146
43.0415  -498.79171721
43.0638  -503.58729952
43.0860  -507.40232573
43.1082  -510.73887560
43.1304  -513.48538443
43.1526  -515.62660562
43.1748  -517.45812703
43.1971  -519.15913867
43.2193  -520.36960556
43.2415  -521.46722313
43.2637  -522.27259439
43.2859  -522.69380600
43.3082  -523.09170468
43.3304  -522.95513041
43.3526  -522.18592906
43.3748  -521.01495201
43.3970  -518.83946026
43.4192  -515.41348266
43.4415  -510.48250858
43.4637  -504.03438458
43.4859  -495.79338757
43.5081  -486.08307576
43.5303  -476.14313677
43.5525  -465.69914461
43.5748  -454.47111749
43.5970  -443.16291055
43.6192  -431.57368614
43.6414  -419.44556653
43.6636  -407.59048409
43.6858  -395.29918275
43.7081  -382.83808730
43.7303  -370.95709421
43.7525  -359.19889129
43.7747  -347.81375694
43.7969  -336.76810173
43.8192  -325.60824235
43.8414  -314.42543208
43.8636  -303.51547550
43.8858  -292.11361412
43.9080  -280.96922264
43.9302  -269.73392061
43.9525  -258.35525597
43.9747  -246.48119490
43.9969  -234.66646035
44.0191  -222.94249110
44.0413  -211.22229825
44.0635  -199.60935392
44.0858  -188.03093085
44.1080  -176.61621859
44.1302  -165.45200020
44.1524  -154.15940541
44.1746  -143.25101983
44.1968  -132.36136188
44.2191  -121.94494328
44.2413  -112.00628924
44.2635  -102.56214060
44.2857  -93.60545245
44.3079  -85.54781209
44.3301  -77.82786945
44.3524  -71.14205649
44.3746  -64.77212464
44.3968  -58.99002819
44.4190  -54.23029200
44.4412  -49.84583498
44.4635  -46.12920580
44.4857  -43.21040478
44.5079  -40.94636145
44.5301  -39.05106206
44.5523  -37.64124141
44.5745  -36.47200760
44.5968  -35.47922606
44.6190  -34.51908243
44.6412  -33.46790334
44.6634  -32.55494357
44.6856  -31.13363626
44.7078  -29.99394893
44.7301  -28.69198754
44.7523  -26.96267806
44.7745  -25.36335356
44.7967  -23.59897516
44.8189  -21.80518575
44.8411  -20.19566587
44.8634  -18.46415107
44.8856  -16.98173156
44.9078  -15.73571132
44.9300  -14.62792640
44.9522  -13.16363647
44.9745  -12.71234625
44.9967  -11.85724391
45.0189  -10.99767677
45.0411  -10.56031211
45.0633  -10.12057885
45.0855   -9.19456811
45.1078   -8.73495317
45.1300   -8.03061487
45.1522   -7.33109282
45.1744   -6.87186737
45.1966   -6.62591512
45.2188   -6.15423783
45.2411   -5.93905596
45.2633   -5.75535443
45.2855   -5.31080611
45.3077   -5.19799066
45.3299   -4.94673880
45.3521   -4.54815406
45.3744   -4.09305068
45.3966   -3.65273156
45.4188   -3.19915127
45.4410   -3.08920653
45.4632   -2.87579182
45.4854   -2.67544688
45.5077   -2.72963202
45.5299   -2.53285752
45.5521   -2.42626732
45.5743   -2.33593017
45.5965   -2.12293546
45.6188   -2.06977578
45.6410   -1.97853961
45.6632   -1.65753652
45.6854   -1.53448179
45.7076   -1.51442621
45.7298   -1.41691445
45.7521   -1.72484178
45.7743   -1.69941060
45.7965   -1.76112603
45.8187   -1.88295206
45.8409   -1.93442232
45.8631   -1.90126502
45.8854   -2.05190035
45.9076   -1.84808597
45.9298   -1.72863702
45.9520   -1.78745563
45.9742   -1.71716145
45.9964   -1.56843991
46.0187   -2.10323994
46.0409   -2.23412050
46.0631   -2.01438494
46.0853   -2.24600583
46.1075   -2.18458763
46.1297   -1.73249215
46.1520   -2.07561727
46.1742   -1.79750664
46.1964   -1.74344054
46.2186   -2.05182023
46.2408   -2.22851368
46.2631   -1.92170186
46.2853   -2.02614277
46.3075   -2.06680458
46.3297   -1.76120074
46.3519   -1.62757032
46.3741   -1.66757100
46.3964   -1.61591387
46.4186   -1.79073209
46.4408   -1.94725482
46.4630   -1.82389519
46.4852   -1.79890164
46.5074   -1.69802483
46.5297   -1.38258867
46.5519   -1.22800367
46.5741   -1.42066163
46.5963   -1.49749382
46.6185   -1.55699816
46.6407   -1.73741903
46.6630   -1.83787796
46.6852   -1.93497681
46.7074   -1.99084991
46.7296   -1.97092711
46.7518   -1.81253744
46.7741   -1.57095594
46.7963   -1.67234923
46.8185   -1.64604606
46.8407   -1.70275604
46.8629   -1.99772212
46.8851   -1.94655692
46.9074   -1.81504896
46.9296   -1.84762214
46.9518   -1.74513911
46.9740   -1.69222359
46.9962   -1.77523216
47.0184   -1.94365426
47.0407   -1.93159342
47.0629   -2.13713803
47.0851   -2.27180895
47.1073   -2.24746174
47.1295   -2.46100508
47.1517   -2.19285050
47.1740   -2.23343456
47.1962   -2.40983926
47.2184   -2.26547312
47.2406   -2.14131617
47.2628   -2.28105475
47.2850   -2.14674614
47.3073   -2.27455150
47.3295   -2.59333464
47.3517   -2.34110812
47.3739   -2.41045932
47.3961   -2.72031528
47.4184   -2.76796603
47.4406   -2.64566381
47.4628   -2.78775948
47.4850   -2.62120689
47.5072   -2.35056679
47.5294   -2.29972953
47.5517   -2.26013236
47.5739   -2.12864997
47.5961   -2.05312478
47.6183   -2.12587979
47.6405   -2.01326530
47.6627   -2.03019875
47.6850   -2.10666587
47.7072   -2.05600487
47.7294   -1.94142543
47.7516   -1.82458294
47.7738   -1.73611413
47.7960   -1.81417331
47.8183   -1.88196670
47.8405   -1.72771717
47.8627   -1.66922483
47.8849   -1.65487788
